   1001 castor_g
1     1.00000e+03  0.00000e+00
2     1.01000e+03  0.00000e+00
3     1.02000e+03  0.00000e+00
4     1.03000e+03  0.00000e+00
5     1.04000e+03  0.00000e+00
6     1.05000e+03  0.00000e+00
7     1.06000e+03  0.00000e+00
8     1.07000e+03  0.00000e+00
9     1.08000e+03  0.00000e+00
10    1.09000e+03  0.00000e+00
11    1.10000e+03  0.00000e+00
12    1.11000e+03  0.00000e+00
13    1.12000e+03  0.00000e+00
14    1.13000e+03  0.00000e+00
15    1.14000e+03  0.00000e+00
16    1.15000e+03  0.00000e+00
17    1.16000e+03  0.00000e+00
18    1.17000e+03  0.00000e+00
19    1.18000e+03  0.00000e+00
20    1.19000e+03  0.00000e+00
21    1.20000e+03  0.00000e+00
22    1.21000e+03  0.00000e+00
23    1.22000e+03  0.00000e+00
24    1.23000e+03  0.00000e+00
25    1.24000e+03  0.00000e+00
26    1.25000e+03  0.00000e+00
27    1.26000e+03  0.00000e+00
28    1.27000e+03  0.00000e+00
29    1.28000e+03  0.00000e+00
30    1.29000e+03  0.00000e+00
31    1.30000e+03  0.00000e+00
32    1.31000e+03  0.00000e+00
33    1.32000e+03  0.00000e+00
34    1.33000e+03  0.00000e+00
35    1.34000e+03  0.00000e+00
36    1.35000e+03  0.00000e+00
37    1.36000e+03  0.00000e+00
38    1.37000e+03  0.00000e+00
39    1.38000e+03  0.00000e+00
40    1.39000e+03  0.00000e+00
41    1.40000e+03  0.00000e+00
42    1.41000e+03  0.00000e+00
43    1.42000e+03  0.00000e+00
44    1.43000e+03  0.00000e+00
45    1.44000e+03  0.00000e+00
46    1.45000e+03  0.00000e+00
47    1.46000e+03  0.00000e+00
48    1.47000e+03  0.00000e+00
49    1.48000e+03  0.00000e+00
50    1.49000e+03  0.00000e+00
51    1.50000e+03  0.00000e+00
52    1.51000e+03  0.00000e+00
53    1.52000e+03  0.00000e+00
54    1.53000e+03  0.00000e+00
55    1.54000e+03  0.00000e+00
56    1.55000e+03  0.00000e+00
57    1.56000e+03  0.00000e+00
58    1.57000e+03  0.00000e+00
59    1.58000e+03  0.00000e+00
60    1.59000e+03  0.00000e+00
61    1.60000e+03  0.00000e+00
62    1.61000e+03  0.00000e+00
63    1.62000e+03  0.00000e+00
64    1.63000e+03  0.00000e+00
65    1.64000e+03  0.00000e+00
66    1.65000e+03  0.00000e+00
67    1.66000e+03  0.00000e+00
68    1.67000e+03  0.00000e+00
69    1.68000e+03  0.00000e+00
70    1.69000e+03  0.00000e+00
71    1.70000e+03  0.00000e+00
72    1.71000e+03  0.00000e+00
73    1.72000e+03  0.00000e+00
74    1.73000e+03  0.00000e+00
75    1.74000e+03  0.00000e+00
76    1.75000e+03  0.00000e+00
77    1.76000e+03  0.00000e+00
78    1.77000e+03  0.00000e+00
79    1.78000e+03  0.00000e+00
80    1.79000e+03  0.00000e+00
81    1.80000e+03  0.00000e+00
82    1.81000e+03  0.00000e+00
83    1.82000e+03  0.00000e+00
84    1.83000e+03  0.00000e+00
85    1.84000e+03  0.00000e+00
86    1.85000e+03  0.00000e+00
87    1.86000e+03  0.00000e+00
88    1.87000e+03  0.00000e+00
89    1.88000e+03  0.00000e+00
90    1.89000e+03  0.00000e+00
91    1.90000e+03  0.00000e+00
92    1.91000e+03  0.00000e+00
93    1.92000e+03  0.00000e+00
94    1.93000e+03  0.00000e+00
95    1.94000e+03  0.00000e+00
96    1.95000e+03  0.00000e+00
97    1.96000e+03  0.00000e+00
98    1.97000e+03  1.75281e-18
99    1.98000e+03  3.55113e-18
100   1.99000e+03  8.99158e-18
101   2.00000e+03  2.54950e-17
102   2.01000e+03  6.45339e-17
103   2.02000e+03  1.53059e-16
104   2.03000e+03  3.28744e-16
105   2.04000e+03  6.40549e-16
106   2.05000e+03  1.09705e-15
107   2.06000e+03  1.64046e-15
108   2.07000e+03  2.22195e-15
109   2.08000e+03  2.95658e-15
110   2.09000e+03  4.21783e-15
111   2.10000e+03  6.87922e-15
112   2.11000e+03  1.29688e-14
113   2.12000e+03  2.52341e-14
114   2.13000e+03  3.93378e-14
115   2.14000e+03  4.72471e-14
116   2.15000e+03  5.44681e-14
117   2.16000e+03  6.73239e-14
118   2.17000e+03  9.06910e-14
119   2.18000e+03  1.31976e-13
120   2.19000e+03  1.86333e-13
121   2.20000e+03  2.18225e-13
122   2.21000e+03  2.42226e-13
123   2.22000e+03  3.19230e-13
124   2.23000e+03  3.73602e-13
125   2.24000e+03  2.07098e-13
126   2.25000e+03  1.03474e-13
127   2.26000e+03  7.14463e-14
128   2.27000e+03  6.99039e-14
129   2.28000e+03  9.96274e-14
130   2.29000e+03  2.34388e-13
131   2.30000e+03  1.04194e-12
132   2.31000e+03  5.83437e-13
133   2.32000e+03  2.06744e-13
134   2.33000e+03  1.38787e-13
135   2.34000e+03  1.46084e-13
136   2.35000e+03  2.38751e-13
137   2.36000e+03  7.11073e-13
138   2.37000e+03  1.63393e-12
139   2.38000e+03  3.74700e-13
140   2.39000e+03  1.48733e-13
141   2.40000e+03  9.16488e-14
142   2.41000e+03  7.37955e-14
143   2.42000e+03  7.34250e-14
144   2.43000e+03  8.86147e-14
145   2.44000e+03  1.31773e-13
146   2.45000e+03  2.57267e-13
147   2.46000e+03  7.73189e-13
148   2.47000e+03  2.85377e-12
149   2.48000e+03  1.03114e-12
150   2.49000e+03  3.82993e-13
151   2.50000e+03  2.18306e-13
152   2.51000e+03  1.59654e-13
153   2.52000e+03  1.35994e-13
154   2.53000e+03  1.28996e-13
155   2.54000e+03  1.32394e-13
156   2.55000e+03  1.44043e-13
157   2.56000e+03  1.63833e-13
158   2.57000e+03  1.93277e-13
159   2.58000e+03  2.36335e-13
160   2.59000e+03  3.01447e-13
161   2.60000e+03  4.06195e-13
162   2.61000e+03  5.80895e-13
163   2.62000e+03  8.99481e-13
164   2.63000e+03  1.49865e-12
165   2.64000e+03  2.47608e-12
166   2.65000e+03  3.20477e-12
167   2.66000e+03  2.75593e-12
168   2.67000e+03  1.94084e-12
169   2.68000e+03  1.37655e-12
170   2.69000e+03  1.04199e-12
171   2.70000e+03  8.43984e-13
172   2.71000e+03  7.36137e-13
173   2.72000e+03  6.79071e-13
174   2.73000e+03  6.62604e-13
175   2.74000e+03  6.85569e-13
176   2.75000e+03  7.55492e-13
177   2.76000e+03  9.02017e-13
178   2.77000e+03  1.15198e-12
179   2.78000e+03  1.56145e-12
180   2.79000e+03  2.17805e-12
181   2.80000e+03  2.91319e-12
182   2.81000e+03  3.41519e-12
183   2.82000e+03  3.45020e-12
184   2.83000e+03  3.23828e-12
185   2.84000e+03  3.06323e-12
186   2.85000e+03  3.01786e-12
187   2.86000e+03  3.05430e-12
188   2.87000e+03  2.93038e-12
189   2.88000e+03  2.46106e-12
190   2.89000e+03  1.80284e-12
191   2.90000e+03  1.23966e-12
192   2.91000e+03  8.82748e-13
193   2.92000e+03  6.57817e-13
194   2.93000e+03  5.19495e-13
195   2.94000e+03  4.35987e-13
196   2.95000e+03  3.88585e-13
197   2.96000e+03  3.67684e-13
198   2.97000e+03  3.68454e-13
199   2.98000e+03  3.90955e-13
200   2.99000e+03  4.39409e-13
201   3.00000e+03  5.23299e-13
202   3.01000e+03  6.52868e-13
203   3.02000e+03  8.53089e-13
204   3.03000e+03  1.13952e-12
205   3.04000e+03  1.47154e-12
206   3.05000e+03  1.68652e-12
207   3.06000e+03  1.62306e-12
208   3.07000e+03  1.37337e-12
209   3.08000e+03  1.11243e-12
210   3.09000e+03  9.15473e-13
211   3.10000e+03  7.86148e-13
212   3.11000e+03  7.08819e-13
213   3.12000e+03  6.73599e-13
214   3.13000e+03  6.74152e-13
215   3.14000e+03  7.09679e-13
216   3.15000e+03  7.84907e-13
217   3.16000e+03  9.09719e-13
218   3.17000e+03  1.10434e-12
219   3.18000e+03  1.39707e-12
220   3.19000e+03  1.82008e-12
221   3.20000e+03  2.38038e-12
222   3.21000e+03  2.97665e-12
223   3.22000e+03  3.40790e-12
224   3.23000e+03  3.48467e-12
225   3.24000e+03  3.25706e-12
226   3.25000e+03  2.92375e-12
227   3.26000e+03  2.62809e-12
228   3.27000e+03  2.42586e-12
229   3.28000e+03  2.32594e-12
230   3.29000e+03  2.32643e-12
231   3.30000e+03  2.42883e-12
232   3.31000e+03  2.64122e-12
233   3.32000e+03  2.98117e-12
234   3.33000e+03  3.46654e-12
235   3.34000e+03  4.09677e-12
236   3.35000e+03  4.81254e-12
237   3.36000e+03  5.44890e-12
238   3.37000e+03  5.77224e-12
239   3.38000e+03  5.65689e-12
240   3.39000e+03  5.20755e-12
241   3.40000e+03  4.64194e-12
242   3.41000e+03  4.12667e-12
243   3.42000e+03  3.72080e-12
244   3.43000e+03  3.43800e-12
245   3.44000e+03  3.27167e-12
246   3.45000e+03  3.21208e-12
247   3.46000e+03  3.25040e-12
248   3.47000e+03  3.38844e-12
249   3.48000e+03  3.62873e-12
250   3.49000e+03  3.97336e-12
251   3.50000e+03  4.41578e-12
252   3.51000e+03  4.92452e-12
253   3.52000e+03  5.43257e-12
254   3.53000e+03  5.82737e-12
255   3.54000e+03  5.99120e-12
256   3.55000e+03  5.87279e-12
257   3.56000e+03  5.51537e-12
258   3.57000e+03  5.03750e-12
259   3.58000e+03  4.55001e-12
260   3.59000e+03  4.12082e-12
261   3.60000e+03  3.77900e-12
262   3.61000e+03  3.54282e-12
263   3.62000e+03  3.39512e-12
264   3.63000e+03  3.33045e-12
265   3.64000e+03  3.34520e-12
266   3.65000e+03  3.43857e-12
267   3.66000e+03  3.64174e-12
268   3.67000e+03  3.93163e-12
269   3.68000e+03  4.31185e-12
270   3.69000e+03  4.77936e-12
271   3.70000e+03  5.31657e-12
272   3.71000e+03  5.89294e-12
273   3.72000e+03  6.41640e-12
274   3.73000e+03  6.79598e-12
275   3.74000e+03  6.95940e-12
276   3.75000e+03  6.88946e-12
277   3.76000e+03  6.64764e-12
278   3.77000e+03  6.30326e-12
279   3.78000e+03  5.92807e-12
280   3.79000e+03  5.57416e-12
281   3.80000e+03  5.27186e-12
282   3.81000e+03  5.03721e-12
283   3.82000e+03  4.86857e-12
284   3.83000e+03  4.76554e-12
285   3.84000e+03  4.72603e-12
286   3.85000e+03  4.74763e-12
287   3.86000e+03  6.06925e-12
288   3.87000e+03  7.49771e-12
289   3.88000e+03  9.07115e-12
290   3.89000e+03  1.08232e-11
291   3.90000e+03  1.27804e-11
292   3.91000e+03  1.49399e-11
293   3.92000e+03  1.73163e-11
294   3.93000e+03  1.98888e-11
295   3.94000e+03  4.16550e-03
296   3.95000e+03  1.87308e-02
297   3.96000e+03  4.67900e-02
298   3.97000e+03  9.12040e-02
299   3.98000e+03  1.54330e-01
300   3.99000e+03  2.37911e-01
301   4.00000e+03  3.43162e-01
302   4.01000e+03  3.60624e-01
303   4.02000e+03  3.76599e-01
304   4.03000e+03  3.91541e-01
305   4.04000e+03  4.05954e-01
306   4.05000e+03  4.20333e-01
307   4.06000e+03  4.35036e-01
308   4.07000e+03  4.50471e-01
309   4.08000e+03  4.66894e-01
310   4.09000e+03  4.84458e-01
311   4.10000e+03  5.03211e-01
312   4.11000e+03  5.23009e-01
313   4.12000e+03  5.43788e-01
314   4.13000e+03  5.65317e-01
315   4.14000e+03  5.87270e-01
316   4.15000e+03  6.09278e-01
317   4.16000e+03  6.12785e-01
318   4.17000e+03  6.15443e-01
319   4.18000e+03  6.17031e-01
320   4.19000e+03  6.17427e-01
321   4.20000e+03  6.16625e-01
322   4.21000e+03  6.14684e-01
323   4.22000e+03  6.11825e-01
324   4.23000e+03  6.08292e-01
325   4.24000e+03  6.04367e-01
326   4.25000e+03  6.00344e-01
327   4.26000e+03  5.96452e-01
328   4.27000e+03  5.92984e-01
329   4.28000e+03  5.90148e-01
330   4.29000e+03  5.88099e-01
331   4.30000e+03  5.86942e-01
332   4.31000e+03  5.86670e-01
333   4.32000e+03  5.87338e-01
334   4.33000e+03  5.88897e-01
335   4.34000e+03  5.91251e-01
336   4.35000e+03  5.94265e-01
337   4.36000e+03  5.97718e-01
338   4.37000e+03  6.01466e-01
339   4.38000e+03  6.05290e-01
340   4.39000e+03  6.08968e-01
341   4.40000e+03  6.12283e-01
342   4.41000e+03  6.15010e-01
343   4.42000e+03  6.17018e-01
344   4.43000e+03  6.18189e-01
345   4.44000e+03  6.18460e-01
346   4.45000e+03  6.17821e-01
347   4.46000e+03  6.16306e-01
348   4.47000e+03  6.14031e-01
349   4.48000e+03  6.11139e-01
350   4.49000e+03  6.07800e-01
351   4.50000e+03  6.04204e-01
352   4.51000e+03  6.00572e-01
353   4.52000e+03  5.97052e-01
354   4.53000e+03  5.93808e-01
355   4.54000e+03  5.90984e-01
356   4.55000e+03  5.88698e-01
357   4.56000e+03  5.87016e-01
358   4.57000e+03  5.86024e-01
359   4.58000e+03  5.85758e-01
360   4.59000e+03  5.86226e-01
361   4.60000e+03  5.87406e-01
362   4.61000e+03  5.89227e-01
363   4.62000e+03  5.91645e-01
364   4.63000e+03  5.94568e-01
365   4.64000e+03  5.97886e-01
366   4.65000e+03  6.01471e-01
367   4.66000e+03  6.05169e-01
368   4.67000e+03  6.08847e-01
369   4.68000e+03  6.12367e-01
370   4.69000e+03  6.15595e-01
371   4.70000e+03  6.18405e-01
372   4.71000e+03  6.20684e-01
373   4.72000e+03  6.22365e-01
374   4.73000e+03  6.23399e-01
375   4.74000e+03  6.23769e-01
376   4.75000e+03  6.23489e-01
377   4.76000e+03  6.22597e-01
378   4.77000e+03  6.21173e-01
379   4.78000e+03  6.19314e-01
380   4.79000e+03  6.17130e-01
381   4.80000e+03  6.14744e-01
382   4.81000e+03  6.12273e-01
383   4.82000e+03  6.09847e-01
384   4.83000e+03  6.07579e-01
385   4.84000e+03  6.05575e-01
386   4.85000e+03  6.03925e-01
387   4.86000e+03  6.02688e-01
388   4.87000e+03  6.01926e-01
389   4.88000e+03  6.01673e-01
390   4.89000e+03  6.01945e-01
391   4.90000e+03  6.02736e-01
392   4.91000e+03  6.04013e-01
393   4.92000e+03  6.05743e-01
394   4.93000e+03  6.07866e-01
395   4.94000e+03  6.10305e-01
396   4.95000e+03  6.12973e-01
397   4.96000e+03  6.15755e-01
398   4.97000e+03  6.18546e-01
399   4.98000e+03  6.21226e-01
400   4.99000e+03  6.23680e-01
401   5.00000e+03  6.25790e-01
402   5.01000e+03  6.27440e-01
403   5.02000e+03  6.28567e-01
404   5.03000e+03  6.29101e-01
405   5.04000e+03  6.28999e-01
406   5.05000e+03  6.28243e-01
407   5.06000e+03  6.26840e-01
408   5.07000e+03  6.24825e-01
409   5.08000e+03  6.22257e-01
410   5.09000e+03  6.19214e-01
411   5.10000e+03  6.15793e-01
412   5.11000e+03  6.12102e-01
413   5.12000e+03  6.08261e-01
414   5.13000e+03  6.04392e-01
415   5.14000e+03  6.00616e-01
416   5.15000e+03  5.97049e-01
417   5.16000e+03  5.93794e-01
418   5.17000e+03  5.90953e-01
419   5.18000e+03  5.88612e-01
420   5.19000e+03  5.86842e-01
421   5.20000e+03  5.85702e-01
422   5.21000e+03  5.85224e-01
423   5.22000e+03  5.85440e-01
424   5.23000e+03  5.86357e-01
425   5.24000e+03  5.87964e-01
426   5.25000e+03  5.90229e-01
427   5.26000e+03  5.93093e-01
428   5.27000e+03  5.96486e-01
429   5.28000e+03  6.00311e-01
430   5.29000e+03  6.04445e-01
431   5.30000e+03  6.08740e-01
432   5.31000e+03  6.13018e-01
433   5.32000e+03  6.17091e-01
434   5.33000e+03  6.20748e-01
435   5.34000e+03  6.23762e-01
436   5.35000e+03  6.25906e-01
437   5.36000e+03  6.26958e-01
438   5.37000e+03  6.26715e-01
439   5.38000e+03  6.25004e-01
440   5.39000e+03  6.21695e-01
441   5.40000e+03  6.16710e-01
442   5.41000e+03  6.10036e-01
443   5.42000e+03  6.01713e-01
444   5.43000e+03  5.91846e-01
445   5.44000e+03  5.80594e-01
446   5.45000e+03  5.68160e-01
447   5.46000e+03  5.54785e-01
448   5.47000e+03  5.40715e-01
449   5.48000e+03  5.26205e-01
450   5.49000e+03  5.11509e-01
451   5.50000e+03  4.96861e-01
452   5.51000e+03  3.54468e-01
453   5.52000e+03  2.39038e-01
454   5.53000e+03  1.48620e-01
455   5.54000e+03  8.12753e-02
456   5.55000e+03  3.51566e-02
457   5.56000e+03  8.56630e-03
458   5.57000e+03  4.53951e-11
459   5.58000e+03  4.43959e-11
460   5.59000e+03  4.35086e-11
461   5.60000e+03  4.27352e-11
462   5.61000e+03  4.20762e-11
463   5.62000e+03  4.15335e-11
464   5.63000e+03  4.11051e-11
465   5.64000e+03  4.07902e-11
466   5.65000e+03  4.05882e-11
467   5.66000e+03  4.04971e-11
468   5.67000e+03  4.05162e-11
469   5.68000e+03  4.06437e-11
470   5.69000e+03  4.08771e-11
471   5.70000e+03  4.12128e-11
472   5.71000e+03  3.81185e-11
473   5.72000e+03  3.52727e-11
474   5.73000e+03  3.26430e-11
475   5.74000e+03  3.02000e-11
476   5.75000e+03  2.79177e-11
477   5.76000e+03  2.57714e-11
478   5.77000e+03  2.37406e-11
479   5.78000e+03  2.18072e-11
480   5.79000e+03  1.99565e-11
481   5.80000e+03  1.81772e-11
482   5.81000e+03  1.64622e-11
483   5.82000e+03  1.48085e-11
484   5.83000e+03  1.32176e-11
485   5.84000e+03  1.16949e-11
486   5.85000e+03  1.02489e-11
487   5.86000e+03  8.89015e-12
488   5.87000e+03  7.62964e-12
489   5.88000e+03  6.47723e-12
490   5.89000e+03  5.44017e-12
491   5.90000e+03  4.52132e-12
492   5.91000e+03  3.72006e-12
493   5.92000e+03  3.03187e-12
494   5.93000e+03  2.44923e-12
495   5.94000e+03  1.96243e-12
496   5.95000e+03  1.56054e-12
497   5.96000e+03  1.23232e-12
498   5.97000e+03  9.66777e-13
499   5.98000e+03  7.53765e-13
500   5.99000e+03  5.84173e-13
501   6.00000e+03  4.50074e-13
502   6.01000e+03  3.44822e-13
503   6.02000e+03  2.62560e-13
504   6.03000e+03  1.98606e-13
505   6.04000e+03  1.49192e-13
506   6.05000e+03  1.11235e-13
507   6.06000e+03  8.22537e-14
508   6.07000e+03  6.02693e-14
509   6.08000e+03  4.37108e-14
510   6.09000e+03  3.13383e-14
511   6.10000e+03  2.21757e-14
512   6.11000e+03  1.54597e-14
513   6.12000e+03  1.05943e-14
514   6.13000e+03  7.11727e-15
515   6.14000e+03  4.67188e-15
516   6.15000e+03  2.98417e-15
517   6.16000e+03  2.83630e-15
518   6.17000e+03  2.70218e-15
519   6.18000e+03  2.58064e-15
520   6.19000e+03  2.47028e-15
521   6.20000e+03  2.36998e-15
522   6.21000e+03  2.27886e-15
523   6.22000e+03  2.19613e-15
524   6.23000e+03  2.12103e-15
525   6.24000e+03  2.05300e-15
526   6.25000e+03  1.99136e-15
527   6.26000e+03  1.93573e-15
528   6.27000e+03  1.88560e-15
529   6.28000e+03  1.84063e-15
530   6.29000e+03  1.80039e-15
531   6.30000e+03  1.76471e-15
532   6.31000e+03  1.73319e-15
533   6.32000e+03  1.70573e-15
534   6.33000e+03  1.68204e-15
535   6.34000e+03  1.66199e-15
536   6.35000e+03  1.64545e-15
537   6.36000e+03  1.63229e-15
538   6.37000e+03  1.62240e-15
539   6.38000e+03  1.61573e-15
540   6.39000e+03  1.61221e-15
541   6.40000e+03  1.61187e-15
542   6.41000e+03  1.61462e-15
543   6.42000e+03  1.62048e-15
544   6.43000e+03  1.62949e-15
545   6.44000e+03  1.64173e-15
546   6.45000e+03  1.65722e-15
547   6.46000e+03  1.67607e-15
548   6.47000e+03  1.69836e-15
549   6.48000e+03  1.72419e-15
550   6.49000e+03  1.75374e-15
551   6.50000e+03  1.78715e-15
552   6.51000e+03  1.82457e-15
553   6.52000e+03  1.86622e-15
554   6.53000e+03  1.91230e-15
555   6.54000e+03  1.96300e-15
556   6.55000e+03  2.01852e-15
557   6.56000e+03  2.07917e-15
558   6.57000e+03  2.14508e-15
559   6.58000e+03  2.21649e-15
560   6.59000e+03  2.29360e-15
561   6.60000e+03  2.37653e-15
562   6.61000e+03  2.46534e-15
563   6.62000e+03  2.56007e-15
564   6.63000e+03  2.66055e-15
565   6.64000e+03  2.76651e-15
566   6.65000e+03  2.87745e-15
567   6.66000e+03  2.99269e-15
568   6.67000e+03  3.11113e-15
569   6.68000e+03  3.23133e-15
570   6.69000e+03  3.35169e-15
571   6.70000e+03  3.46998e-15
572   6.71000e+03  3.58368e-15
573   6.72000e+03  3.68992e-15
574   6.73000e+03  3.78545e-15
575   6.74000e+03  3.86688e-15
576   6.75000e+03  3.93102e-15
577   6.76000e+03  3.97493e-15
578   6.77000e+03  3.99611e-15
579   6.78000e+03  3.99286e-15
580   6.79000e+03  3.96450e-15
581   6.80000e+03  3.91139e-15
582   6.81000e+03  3.83503e-15
583   6.82000e+03  3.73754e-15
584   6.83000e+03  3.62199e-15
585   6.84000e+03  3.49177e-15
586   6.85000e+03  3.35056e-15
587   6.86000e+03  3.20237e-15
588   6.87000e+03  3.05012e-15
589   6.88000e+03  2.89675e-15
590   6.89000e+03  2.74474e-15
591   6.90000e+03  2.59608e-15
592   6.91000e+03  2.45241e-15
593   6.92000e+03  2.31473e-15
594   6.93000e+03  2.18377e-15
595   6.94000e+03  2.05997e-15
596   6.95000e+03  1.94355e-15
597   6.96000e+03  1.83454e-15
598   6.97000e+03  1.73279e-15
599   6.98000e+03  1.63797e-15
600   6.99000e+03  1.54984e-15
601   7.00000e+03  1.46803e-15
602   7.01000e+03  1.39219e-15
603   7.02000e+03  1.32189e-15
604   7.03000e+03  1.25676e-15
605   7.04000e+03  1.19642e-15
606   7.05000e+03  1.14048e-15
607   7.06000e+03  1.08865e-15
608   7.07000e+03  1.04063e-15
609   7.08000e+03  9.96108e-16
610   7.09000e+03  9.54846e-16
611   7.10000e+03  9.16564e-16
612   7.11000e+03  8.81094e-16
613   7.12000e+03  8.48164e-16
614   7.13000e+03  8.17564e-16
615   7.14000e+03  7.89136e-16
616   7.15000e+03  7.62727e-16
617   7.16000e+03  7.38221e-16
618   7.17000e+03  7.15436e-16
619   7.18000e+03  6.94261e-16
620   7.19000e+03  6.74554e-16
621   7.20000e+03  6.56226e-16
622   7.21000e+03  6.39221e-16
623   7.22000e+03  6.23422e-16
624   7.23000e+03  6.08726e-16
625   7.24000e+03  5.95101e-16
626   7.25000e+03  5.82448e-16
627   7.26000e+03  5.70769e-16
628   7.27000e+03  5.59953e-16
629   7.28000e+03  5.49953e-16
630   7.29000e+03  5.40742e-16
631   7.30000e+03  5.32258e-16
632   7.31000e+03  5.24507e-16
633   7.32000e+03  5.17415e-16
634   7.33000e+03  5.10955e-16
635   7.34000e+03  5.05116e-16
636   7.35000e+03  4.99859e-16
637   7.36000e+03  4.95189e-16
638   7.37000e+03  4.91051e-16
639   7.38000e+03  4.87451e-16
640   7.39000e+03  4.84350e-16
641   7.40000e+03  4.81725e-16
642   7.41000e+03  4.79642e-16
643   7.42000e+03  4.78017e-16
644   7.43000e+03  4.76858e-16
645   7.44000e+03  4.76157e-16
646   7.45000e+03  4.75919e-16
647   7.46000e+03  4.76151e-16
648   7.47000e+03  4.76845e-16
649   7.48000e+03  4.77977e-16
650   7.49000e+03  4.79583e-16
651   7.50000e+03  4.81611e-16
652   7.51000e+03  4.84152e-16
653   7.52000e+03  4.87153e-16
654   7.53000e+03  4.90621e-16
655   7.54000e+03  4.94560e-16
656   7.55000e+03  4.99015e-16
657   7.56000e+03  5.03990e-16
658   7.57000e+03  5.09475e-16
659   7.58000e+03  5.15500e-16
660   7.59000e+03  5.22054e-16
661   7.60000e+03  5.29180e-16
662   7.61000e+03  5.36946e-16
663   7.62000e+03  5.45312e-16
664   7.63000e+03  5.54305e-16
665   7.64000e+03  5.63978e-16
666   7.65000e+03  5.74316e-16
667   7.66000e+03  5.85433e-16
668   7.67000e+03  5.97301e-16
669   7.68000e+03  6.09955e-16
670   7.69000e+03  6.23429e-16
671   7.70000e+03  6.37769e-16
672   7.71000e+03  6.53091e-16
673   7.72000e+03  6.69364e-16
674   7.73000e+03  6.86618e-16
675   7.74000e+03  7.04940e-16
676   7.75000e+03  7.24345e-16
677   7.76000e+03  7.45003e-16
678   7.77000e+03  7.66874e-16
679   7.78000e+03  7.90005e-16
680   7.79000e+03  8.14464e-16
681   7.80000e+03  8.40305e-16
682   7.81000e+03  8.67660e-16
683   7.82000e+03  8.96522e-16
684   7.83000e+03  9.26916e-16
685   7.84000e+03  9.58889e-16
686   7.85000e+03  9.92487e-16
687   7.86000e+03  1.02787e-15
688   7.87000e+03  1.06490e-15
689   7.88000e+03  1.10360e-15
690   7.89000e+03  1.14392e-15
691   7.90000e+03  1.18583e-15
692   7.91000e+03  1.22940e-15
693   7.92000e+03  1.27438e-15
694   7.93000e+03  1.32059e-15
695   7.94000e+03  1.36782e-15
696   7.95000e+03  1.41583e-15
697   7.96000e+03  1.46451e-15
698   7.97000e+03  1.51327e-15
699   7.98000e+03  1.56168e-15
700   7.99000e+03  1.60922e-15
701   8.00000e+03  1.65535e-15
702   8.01000e+03  1.69920e-15
703   8.02000e+03  1.74038e-15
704   8.03000e+03  1.77827e-15
705   8.04000e+03  1.81216e-15
706   8.05000e+03  1.84144e-15
707   8.06000e+03  1.86578e-15
708   8.07000e+03  1.88439e-15
709   8.08000e+03  1.89686e-15
710   8.09000e+03  1.90288e-15
711   8.10000e+03  1.90230e-15
712   8.11000e+03  1.89540e-15
713   8.12000e+03  1.88201e-15
714   8.13000e+03  1.86241e-15
715   8.14000e+03  1.83697e-15
716   8.15000e+03  1.80622e-15
717   8.16000e+03  1.77106e-15
718   8.17000e+03  1.73179e-15
719   8.18000e+03  1.68909e-15
720   8.19000e+03  1.64362e-15
721   8.20000e+03  1.59605e-15
722   8.21000e+03  1.54728e-15
723   8.22000e+03  1.49761e-15
724   8.23000e+03  1.44753e-15
725   8.24000e+03  1.39747e-15
726   8.25000e+03  1.34782e-15
727   8.26000e+03  1.29910e-15
728   8.27000e+03  1.25138e-15
729   8.28000e+03  1.20487e-15
730   8.29000e+03  1.15973e-15
731   8.30000e+03  1.11610e-15
732   8.31000e+03  1.07428e-15
733   8.32000e+03  1.03410e-15
734   8.33000e+03  9.95574e-16
735   8.34000e+03  9.58705e-16
736   8.35000e+03  9.23486e-16
737   8.36000e+03  8.90087e-16
738   8.37000e+03  8.58281e-16
739   8.38000e+03  8.28001e-16
740   8.39000e+03  7.99190e-16
741   8.40000e+03  7.71815e-16
742   8.41000e+03  7.45939e-16
743   8.42000e+03  7.21370e-16
744   8.43000e+03  6.98040e-16
745   8.44000e+03  6.75889e-16
746   8.45000e+03  6.54881e-16
747   8.46000e+03  6.35058e-16
748   8.47000e+03  6.16247e-16
749   8.48000e+03  5.98385e-16
750   8.49000e+03  5.81441e-16
751   8.50000e+03  5.65355e-16
752   8.51000e+03  5.50238e-16
753   8.52000e+03  5.35888e-16
754   8.53000e+03  5.22270e-16
755   8.54000e+03  5.09336e-16
756   8.55000e+03  4.97051e-16
757   8.56000e+03  4.85491e-16
758   8.57000e+03  4.74522e-16
759   8.58000e+03  4.64098e-16
760   8.59000e+03  4.54189e-16
761   8.60000e+03  4.44785e-16
762   8.61000e+03  4.35946e-16
763   8.62000e+03  4.27561e-16
764   8.63000e+03  4.19586e-16
765   8.64000e+03  4.12021e-16
766   8.65000e+03  4.04831e-16
767   8.66000e+03  3.98105e-16
768   8.67000e+03  3.91739e-16
769   8.68000e+03  3.85682e-16
770   8.69000e+03  3.79948e-16
771   8.70000e+03  3.74512e-16
772   8.71000e+03  3.69451e-16
773   8.72000e+03  3.64676e-16
774   8.73000e+03  3.60155e-16
775   8.74000e+03  3.55898e-16
776   8.75000e+03  3.51867e-16
777   8.76000e+03  3.48170e-16
778   8.77000e+03  3.44697e-16
779   8.78000e+03  3.41435e-16
780   8.79000e+03  3.38377e-16
781   8.80000e+03  3.35522e-16
782   8.81000e+03  3.32965e-16
783   8.82000e+03  3.30591e-16
784   8.83000e+03  3.28390e-16
785   8.84000e+03  3.26372e-16
786   8.85000e+03  3.24521e-16
787   8.86000e+03  3.22932e-16
788   8.87000e+03  3.21513e-16
789   8.88000e+03  3.20250e-16
790   8.89000e+03  3.19139e-16
791   8.90000e+03  3.18171e-16
792   8.91000e+03  3.17444e-16
793   8.92000e+03  3.16864e-16
794   8.93000e+03  3.16417e-16
795   8.94000e+03  3.16110e-16
796   8.95000e+03  3.15936e-16
797   8.96000e+03  3.15999e-16
798   8.97000e+03  3.16191e-16
799   8.98000e+03  3.16511e-16
800   8.99000e+03  3.16961e-16
801   9.00000e+03  3.17536e-16
802   9.01000e+03  3.18345e-16
803   9.02000e+03  3.19277e-16
804   9.03000e+03  3.20326e-16
805   9.04000e+03  3.21502e-16
806   9.05000e+03  3.22798e-16
807   9.06000e+03  3.24302e-16
808   9.07000e+03  3.25924e-16
809   9.08000e+03  3.27659e-16
810   9.09000e+03  3.29517e-16
811   9.10000e+03  3.31487e-16
812   9.11000e+03  3.33732e-16
813   9.12000e+03  3.36092e-16
814   9.13000e+03  3.38568e-16
815   9.14000e+03  3.41152e-16
816   9.15000e+03  3.43846e-16
817   9.16000e+03  3.46786e-16
818   9.17000e+03  3.49832e-16
819   9.18000e+03  3.52981e-16
820   9.19000e+03  3.56229e-16
821   9.20000e+03  3.59566e-16
822   9.21000e+03  3.63153e-16
823   9.22000e+03  3.66824e-16
824   9.23000e+03  3.70572e-16
825   9.24000e+03  3.74394e-16
826   9.25000e+03  3.78274e-16
827   9.26000e+03  3.82340e-16
828   9.27000e+03  3.86453e-16
829   9.28000e+03  3.90589e-16
830   9.29000e+03  3.94748e-16
831   9.30000e+03  3.98906e-16
832   9.31000e+03  4.03254e-16
833   9.32000e+03  4.07576e-16
834   9.33000e+03  4.11847e-16
835   9.34000e+03  4.16049e-16
836   9.35000e+03  4.20154e-16
837   9.36000e+03  4.24322e-16
838   9.37000e+03  4.28349e-16
839   9.38000e+03  4.32206e-16
840   9.39000e+03  4.35864e-16
841   9.40000e+03  4.39287e-16
842   9.41000e+03  4.42716e-16
843   9.42000e+03  4.45855e-16
844   9.43000e+03  4.48665e-16
845   9.44000e+03  4.51121e-16
846   9.45000e+03  4.53181e-16
847   9.46000e+03  4.55105e-16
848   9.47000e+03  4.56583e-16
849   9.48000e+03  4.57568e-16
850   9.49000e+03  4.58039e-16
851   9.50000e+03  4.57964e-16
852   9.51000e+03  4.57484e-16
853   9.52000e+03  4.56416e-16
854   9.53000e+03  4.54749e-16
855   9.54000e+03  4.52458e-16
856   9.55000e+03  4.49548e-16
857   9.56000e+03  4.46354e-16
858   9.57000e+03  4.42540e-16
859   9.58000e+03  4.38119e-16
860   9.59000e+03  4.33098e-16
861   9.60000e+03  4.27505e-16
862   9.61000e+03  4.21614e-16
863   9.62000e+03  4.15199e-16
864   9.63000e+03  4.08293e-16
865   9.64000e+03  4.00928e-16
866   9.65000e+03  3.93142e-16
867   9.66000e+03  3.85239e-16
868   9.67000e+03  3.76993e-16
869   9.68000e+03  3.68451e-16
870   9.69000e+03  3.59657e-16
871   9.70000e+03  3.50657e-16
872   9.71000e+03  3.41731e-16
873   9.72000e+03  3.32676e-16
874   9.73000e+03  3.23532e-16
875   9.74000e+03  3.14328e-16
876   9.75000e+03  3.05105e-16
877   9.76000e+03  2.96047e-16
878   9.77000e+03  2.87025e-16
879   9.78000e+03  2.78068e-16
880   9.79000e+03  2.69200e-16
881   9.80000e+03  2.60442e-16
882   9.81000e+03  2.52094e-16
883   9.82000e+03  2.43883e-16
884   9.83000e+03  2.35823e-16
885   9.84000e+03  2.27919e-16
886   9.85000e+03  2.20192e-16
887   9.86000e+03  2.12768e-16
888   9.87000e+03  2.05526e-16
889   9.88000e+03  1.98468e-16
890   9.89000e+03  1.91598e-16
891   9.90000e+03  1.84917e-16
892   9.91000e+03  1.78603e-16
893   9.92000e+03  1.72474e-16
894   9.93000e+03  1.66525e-16
895   9.94000e+03  1.60759e-16
896   9.95000e+03  1.55168e-16
897   9.96000e+03  1.49861e-16
898   9.97000e+03  1.44722e-16
899   9.98000e+03  1.39746e-16
900   9.99000e+03  1.34932e-16
901   1.00000e+04  1.30272e-16
902   1.00100e+04  1.28203e-16
903   1.00200e+04  1.26159e-16
904   1.00300e+04  1.24138e-16
905   1.00400e+04  1.22140e-16
906   1.00500e+04  1.20166e-16
907   1.00600e+04  1.18214e-16
908   1.00700e+04  1.16285e-16
909   1.00800e+04  1.14379e-16
910   1.00900e+04  1.12495e-16
911   1.01000e+04  1.10634e-16
912   1.01100e+04  1.08794e-16
913   1.01200e+04  1.06977e-16
914   1.01300e+04  1.05181e-16
915   1.01400e+04  1.03406e-16
916   1.01500e+04  1.01652e-16
917   1.01600e+04  9.99201e-17
918   1.01700e+04  9.82086e-17
919   1.01800e+04  9.65178e-17
920   1.01900e+04  9.48475e-17
921   1.02000e+04  9.31975e-17
922   1.02100e+04  9.15677e-17
923   1.02200e+04  8.99578e-17
924   1.02300e+04  8.83677e-17
925   1.02400e+04  8.67972e-17
926   1.02500e+04  8.52461e-17
927   1.02600e+04  8.37143e-17
928   1.02700e+04  8.22015e-17
929   1.02800e+04  8.07076e-17
930   1.02900e+04  7.92325e-17
931   1.03000e+04  7.77760e-17
932   1.03100e+04  7.63378e-17
933   1.03200e+04  7.49178e-17
934   1.03300e+04  7.35159e-17
935   1.03400e+04  7.21319e-17
936   1.03500e+04  7.07656e-17
937   1.03600e+04  6.94168e-17
938   1.03700e+04  6.80854e-17
939   1.03800e+04  6.67713e-17
940   1.03900e+04  6.54742e-17
941   1.04000e+04  6.41940e-17
942   1.04100e+04  6.29306e-17
943   1.04200e+04  6.16838e-17
944   1.04300e+04  6.04534e-17
945   1.04400e+04  5.92392e-17
946   1.04500e+04  5.80412e-17
947   1.04600e+04  5.68591e-17
948   1.04700e+04  5.56929e-17
949   1.04800e+04  5.45423e-17
950   1.04900e+04  5.34072e-17
951   1.05000e+04  5.22875e-17
952   1.05100e+04  5.11830e-17
953   1.05200e+04  5.00936e-17
954   1.05300e+04  4.90190e-17
955   1.05400e+04  4.79593e-17
956   1.05500e+04  4.69142e-17
957   1.05600e+04  4.58835e-17
958   1.05700e+04  4.48672e-17
959   1.05800e+04  4.38650e-17
960   1.05900e+04  4.28770e-17
961   1.06000e+04  4.19028e-17
962   1.06100e+04  4.09424e-17
963   1.06200e+04  3.99957e-17
964   1.06300e+04  3.90624e-17
965   1.06400e+04  3.81426e-17
966   1.06500e+04  3.72359e-17
967   1.06600e+04  3.63423e-17
968   1.06700e+04  3.54617e-17
969   1.06800e+04  3.45940e-17
970   1.06900e+04  3.37389e-17
971   1.07000e+04  3.28964e-17
972   1.07100e+04  3.20663e-17
973   1.07200e+04  3.12486e-17
974   1.07300e+04  3.04430e-17
975   1.07400e+04  2.96495e-17
976   1.07500e+04  2.88679e-17
977   1.07600e+04  2.80981e-17
978   1.07700e+04  2.73400e-17
979   1.07800e+04  2.65934e-17
980   1.07900e+04  2.58583e-17
981   1.08000e+04  2.51345e-17
982   1.08100e+04  2.44219e-17
983   1.08200e+04  2.37203e-17
984   1.08300e+04  2.30297e-17
985   1.08400e+04  2.23500e-17
986   1.08500e+04  2.16809e-17
987   1.08600e+04  2.10225e-17
988   1.08700e+04  2.03746e-17
989   1.08800e+04  1.97370e-17
990   1.08900e+04  1.91097e-17
991   1.09000e+04  1.84925e-17
992   1.09100e+04  1.78854e-17
993   1.09200e+04  1.72882e-17
994   1.09300e+04  1.67008e-17
995   1.09400e+04  1.61232e-17
996   1.09500e+04  1.55551e-17
997   1.09600e+04  1.49965e-17
998   1.09700e+04  1.44473e-17
999   1.09800e+04  1.39074e-17
1000  1.09900e+04  1.33766e-17
1001  1.10000e+04  1.28549e-17
