   1001 castor_u
1     1.00000e+03  7.32173e-16
2     1.01000e+03  9.00638e-16
3     1.02000e+03  1.10039e-15
4     1.03000e+03  1.33618e-15
5     1.04000e+03  1.61336e-15
6     1.05000e+03  1.93806e-15
7     1.06000e+03  2.31724e-15
8     1.07000e+03  2.75861e-15
9     1.08000e+03  3.27118e-15
10    1.09000e+03  3.86476e-15
11    1.10000e+03  4.55062e-15
12    1.11000e+03  5.34136e-15
13    1.12000e+03  6.25118e-15
14    1.13000e+03  7.29608e-15
15    1.14000e+03  8.49385e-15
16    1.15000e+03  9.86445e-15
17    1.16000e+03  1.14302e-14
18    1.17000e+03  1.32156e-14
19    1.18000e+03  1.52489e-14
20    1.19000e+03  1.75606e-14
21    1.20000e+03  2.01847e-14
22    1.21000e+03  8.00359e-13
23    1.22000e+03  1.87417e-12
24    1.23000e+03  3.31474e-12
25    1.24000e+03  5.20949e-12
26    1.25000e+03  7.66237e-12
27    1.26000e+03  1.07963e-11
28    1.27000e+03  1.47565e-11
29    1.28000e+03  1.97128e-11
30    1.29000e+03  2.58641e-11
31    1.30000e+03  3.34416e-11
32    1.31000e+03  4.27141e-11
33    1.32000e+03  5.39910e-11
34    1.33000e+03  6.76291e-11
35    1.34000e+03  8.40356e-11
36    1.35000e+03  1.03679e-10
37    1.36000e+03  1.27092e-10
38    1.37000e+03  1.54873e-10
39    1.38000e+03  1.87706e-10
40    1.39000e+03  2.26359e-10
41    1.40000e+03  2.71706e-10
42    1.41000e+03  3.23427e-10
43    1.42000e+03  3.83411e-10
44    1.43000e+03  4.52744e-10
45    1.44000e+03  5.32644e-10
46    1.45000e+03  6.24443e-10
47    1.46000e+03  7.31895e-10
48    1.47000e+03  8.55016e-10
49    1.48000e+03  9.95660e-10
50    1.49000e+03  1.15585e-09
51    1.50000e+03  6.13629e-10
52    1.51000e+03  7.48302e-10
53    1.52000e+03  9.06662e-10
54    1.53000e+03  1.09186e-09
55    1.54000e+03  1.30741e-09
56    1.55000e+03  1.55708e-09
57    1.56000e+03  1.84278e-09
58    1.57000e+03  2.17056e-09
59    1.58000e+03  2.54503e-09
60    1.59000e+03  2.97116e-09
61    1.60000e+03  3.45413e-09
62    1.61000e+03  3.95954e-09
63    1.62000e+03  4.52179e-09
64    1.63000e+03  5.14507e-09
65    1.64000e+03  5.83363e-09
66    1.65000e+03  6.59175e-09
67    1.66000e+03  7.43504e-09
68    1.67000e+03  8.35878e-09
69    1.68000e+03  9.36770e-09
70    1.69000e+03  1.04666e-08
71    1.70000e+03  1.16606e-08
72    1.71000e+03  1.30420e-08
73    1.72000e+03  1.45469e-08
74    1.73000e+03  1.61829e-08
75    1.74000e+03  1.79581e-08
76    1.75000e+03  1.98813e-08
77    1.76000e+03  2.20389e-08
78    1.77000e+03  2.43774e-08
79    1.78000e+03  2.69076e-08
80    1.79000e+03  2.96425e-08
81    1.80000e+03  3.25946e-08
82    1.81000e+03  3.58218e-08
83    1.82000e+03  3.93024e-08
84    1.83000e+03  4.30518e-08
85    1.84000e+03  4.70876e-08
86    1.85000e+03  5.14277e-08
87    1.86000e+03  5.36644e-08
88    1.87000e+03  5.59473e-08
89    1.88000e+03  5.82782e-08
90    1.89000e+03  6.06568e-08
91    1.90000e+03  6.30865e-08
92    1.91000e+03  7.01846e-08
93    1.92000e+03  7.72005e-08
94    1.93000e+03  8.40758e-08
95    1.94000e+03  9.07809e-08
96    1.95000e+03  9.73170e-08
97    1.96000e+03  1.03698e-07
98    1.97000e+03  1.09967e-07
99    1.98000e+03  1.16171e-07
100   1.99000e+03  1.22361e-07
101   2.00000e+03  1.28584e-07
102   2.01000e+03  1.33983e-07
103   2.02000e+03  1.39437e-07
104   2.03000e+03  1.44984e-07
105   2.04000e+03  1.50661e-07
106   2.05000e+03  1.56496e-07
107   2.06000e+03  1.62588e-07
108   2.07000e+03  1.68899e-07
109   2.08000e+03  1.75447e-07
110   2.09000e+03  1.82252e-07
111   2.10000e+03  1.89332e-07
112   2.11000e+03  1.96816e-07
113   2.12000e+03  2.04612e-07
114   2.13000e+03  2.12736e-07
115   2.14000e+03  2.21198e-07
116   2.15000e+03  2.30014e-07
117   2.16000e+03  2.39357e-07
118   2.17000e+03  2.49083e-07
119   2.18000e+03  2.59208e-07
120   2.19000e+03  2.69739e-07
121   2.20000e+03  2.80687e-07
122   2.21000e+03  2.92997e-07
123   2.22000e+03  3.05789e-07
124   2.23000e+03  3.19072e-07
125   2.24000e+03  3.32859e-07
126   2.25000e+03  3.47157e-07
127   2.26000e+03  3.64911e-07
128   2.27000e+03  3.83326e-07
129   2.28000e+03  4.02411e-07
130   2.29000e+03  4.22174e-07
131   2.30000e+03  4.42620e-07
132   2.31000e+03  4.63271e-07
133   2.32000e+03  4.84618e-07
134   2.33000e+03  5.06661e-07
135   2.34000e+03  5.29398e-07
136   2.35000e+03  5.52823e-07
137   2.36000e+03  5.70967e-07
138   2.37000e+03  5.89472e-07
139   2.38000e+03  6.08314e-07
140   2.39000e+03  6.27475e-07
141   2.40000e+03  6.47042e-07
142   2.41000e+03  6.63735e-07
143   2.42000e+03  6.80744e-07
144   2.43000e+03  6.98078e-07
145   2.44000e+03  7.15740e-07
146   2.45000e+03  7.33737e-07
147   2.46000e+03  7.52405e-07
148   2.47000e+03  7.71461e-07
149   2.48000e+03  7.90908e-07
150   2.49000e+03  8.10754e-07
151   2.50000e+03  8.31000e-07
152   2.51000e+03  8.51986e-07
153   2.52000e+03  8.73501e-07
154   2.53000e+03  8.95548e-07
155   2.54000e+03  9.18133e-07
156   2.55000e+03  9.41261e-07
157   2.56000e+03  9.65613e-07
158   2.57000e+03  9.90544e-07
159   2.58000e+03  1.01605e-06
160   2.59000e+03  1.04214e-06
161   2.60000e+03  1.06881e-06
162   2.61000e+03  1.09770e-06
163   2.62000e+03  1.12716e-06
164   2.63000e+03  1.15719e-06
165   2.64000e+03  1.18778e-06
166   2.65000e+03  1.21893e-06
167   2.66000e+03  1.25743e-06
168   2.67000e+03  1.29645e-06
169   2.68000e+03  1.33595e-06
170   2.69000e+03  1.37593e-06
171   2.70000e+03  1.41635e-06
172   2.71000e+03  1.46939e-06
173   2.72000e+03  1.52254e-06
174   2.73000e+03  1.57577e-06
175   2.74000e+03  1.62905e-06
176   2.75000e+03  1.68234e-06
177   2.76000e+03  2.92550e-06
178   2.77000e+03  4.24597e-06
179   2.78000e+03  5.64108e-06
180   2.79000e+03  7.10810e-06
181   2.80000e+03  8.64420e-06
182   2.81000e+03  1.03081e-05
183   2.82000e+03  1.20485e-05
184   2.83000e+03  1.38612e-05
185   2.84000e+03  1.57419e-05
186   2.85000e+03  1.76867e-05
187   2.86000e+03  1.98774e-05
188   2.87000e+03  2.21449e-05
189   2.88000e+03  2.44828e-05
190   2.89000e+03  2.68843e-05
191   2.90000e+03  2.93430e-05
192   2.91000e+03  3.19448e-05
193   2.92000e+03  3.46188e-05
194   2.93000e+03  3.73602e-05
195   2.94000e+03  5.42008e-02
196   2.95000e+03  1.15356e-01
197   2.96000e+03  1.83172e-01
198   2.97000e+03  2.57908e-01
199   2.98000e+03  3.39655e-01
200   2.99000e+03  4.28489e-01
201   3.00000e+03  5.24463e-01
202   3.01000e+03  5.27992e-01
203   3.02000e+03  5.31407e-01
204   3.03000e+03  5.34705e-01
205   3.04000e+03  5.37884e-01
206   3.05000e+03  5.40944e-01
207   3.06000e+03  5.43175e-01
208   3.07000e+03  5.45319e-01
209   3.08000e+03  5.47378e-01
210   3.09000e+03  5.49351e-01
211   3.10000e+03  5.51239e-01
212   3.11000e+03  5.52651e-01
213   3.12000e+03  5.53990e-01
214   3.13000e+03  5.55258e-01
215   3.14000e+03  5.56456e-01
216   3.15000e+03  5.57583e-01
217   3.16000e+03  5.58409e-01
218   3.17000e+03  5.59171e-01
219   3.18000e+03  5.59870e-01
220   3.19000e+03  5.60508e-01
221   3.20000e+03  5.61085e-01
222   3.21000e+03  5.61483e-01
223   3.22000e+03  5.61826e-01
224   3.23000e+03  5.62118e-01
225   3.24000e+03  5.62358e-01
226   3.25000e+03  5.62547e-01
227   3.26000e+03  5.62569e-01
228   3.27000e+03  5.62541e-01
229   3.28000e+03  5.62467e-01
230   3.29000e+03  5.62346e-01
231   3.30000e+03  5.62180e-01
232   3.31000e+03  5.61864e-01
233   3.32000e+03  5.61504e-01
234   3.33000e+03  5.61101e-01
235   3.34000e+03  5.60657e-01
236   3.35000e+03  5.60172e-01
237   3.36000e+03  5.59535e-01
238   3.37000e+03  5.58859e-01
239   3.38000e+03  5.58144e-01
240   3.39000e+03  5.57391e-01
241   3.40000e+03  5.56602e-01
242   3.41000e+03  5.55683e-01
243   3.42000e+03  5.54730e-01
244   3.43000e+03  5.53742e-01
245   3.44000e+03  5.52722e-01
246   3.45000e+03  5.51671e-01
247   3.46000e+03  5.50363e-01
248   3.47000e+03  5.49022e-01
249   3.48000e+03  5.47649e-01
250   3.49000e+03  5.46245e-01
251   3.50000e+03  5.44813e-01
252   3.51000e+03  5.42889e-01
253   3.52000e+03  5.40929e-01
254   3.53000e+03  5.38933e-01
255   3.54000e+03  5.36904e-01
256   3.55000e+03  5.34844e-01
257   3.56000e+03  5.32034e-01
258   3.57000e+03  5.29172e-01
259   3.58000e+03  5.26260e-01
260   3.59000e+03  5.23303e-01
261   3.60000e+03  5.20304e-01
262   3.61000e+03  5.17213e-01
263   3.62000e+03  5.14011e-01
264   3.63000e+03  5.10707e-01
265   3.64000e+03  5.07310e-01
266   3.65000e+03  5.03829e-01
267   3.66000e+03  5.01729e-01
268   3.67000e+03  4.99417e-01
269   3.68000e+03  4.96903e-01
270   3.69000e+03  4.94198e-01
271   3.70000e+03  4.91313e-01
272   3.71000e+03  4.90620e-01
273   3.72000e+03  4.89722e-01
274   3.73000e+03  4.88618e-01
275   3.74000e+03  4.87307e-01
276   3.75000e+03  4.85791e-01
277   3.76000e+03  4.85965e-01
278   3.77000e+03  4.86039e-01
279   3.78000e+03  4.86008e-01
280   3.79000e+03  4.85866e-01
281   3.80000e+03  4.85609e-01
282   3.81000e+03  4.85963e-01
283   3.82000e+03  4.86291e-01
284   3.83000e+03  4.86591e-01
285   3.84000e+03  4.86860e-01
286   3.85000e+03  4.87097e-01
287   3.86000e+03  4.72794e-01
288   3.87000e+03  4.58482e-01
289   3.88000e+03  4.44160e-01
290   3.89000e+03  4.29826e-01
291   3.90000e+03  4.15481e-01
292   3.91000e+03  4.00981e-01
293   3.92000e+03  3.86486e-01
294   3.93000e+03  3.71997e-01
295   3.94000e+03  3.57513e-01
296   3.95000e+03  3.43033e-01
297   3.96000e+03  3.28489e-01
298   3.97000e+03  3.13956e-01
299   3.98000e+03  2.99435e-01
300   3.99000e+03  2.84926e-01
301   4.00000e+03  2.70427e-01
302   4.01000e+03  2.13269e-01
303   4.02000e+03  1.60954e-01
304   4.03000e+03  1.13476e-01
305   4.04000e+03  7.08282e-02
306   4.05000e+03  3.30052e-02
307   4.06000e+03  1.93215e-06
308   4.07000e+03  1.78000e-06
309   4.08000e+03  1.62798e-06
310   4.09000e+03  1.47608e-06
311   4.10000e+03  1.32429e-06
312   4.11000e+03  1.17250e-06
313   4.12000e+03  1.02083e-06
314   4.13000e+03  8.69298e-07
315   4.14000e+03  7.17876e-07
316   4.15000e+03  5.66565e-07
317   4.16000e+03  5.65926e-07
318   4.17000e+03  5.65295e-07
319   4.18000e+03  5.64675e-07
320   4.19000e+03  5.64063e-07
321   4.20000e+03  5.63462e-07
322   4.21000e+03  5.62812e-07
323   4.22000e+03  5.62171e-07
324   4.23000e+03  5.61540e-07
325   4.24000e+03  5.60918e-07
326   4.25000e+03  5.60305e-07
327   4.26000e+03  5.59643e-07
328   4.27000e+03  5.58991e-07
329   4.28000e+03  5.58348e-07
330   4.29000e+03  5.57714e-07
331   4.30000e+03  5.57088e-07
332   4.31000e+03  5.56416e-07
333   4.32000e+03  5.55752e-07
334   4.33000e+03  5.55097e-07
335   4.34000e+03  5.54450e-07
336   4.35000e+03  5.53811e-07
337   4.36000e+03  5.53128e-07
338   4.37000e+03  5.52453e-07
339   4.38000e+03  5.51786e-07
340   4.39000e+03  5.51126e-07
341   4.40000e+03  5.50475e-07
342   4.41000e+03  5.49784e-07
343   4.42000e+03  5.49101e-07
344   4.43000e+03  5.48425e-07
345   4.44000e+03  5.47756e-07
346   4.45000e+03  5.47095e-07
347   4.46000e+03  5.46399e-07
348   4.47000e+03  5.45709e-07
349   4.48000e+03  5.45026e-07
350   4.49000e+03  5.44351e-07
351   4.50000e+03  5.43682e-07
352   4.51000e+03  5.43004e-07
353   4.52000e+03  5.42333e-07
354   4.53000e+03  5.41668e-07
355   4.54000e+03  5.41009e-07
356   4.55000e+03  5.40356e-07
357   4.56000e+03  5.39678e-07
358   4.57000e+03  5.39005e-07
359   4.58000e+03  5.38338e-07
360   4.59000e+03  5.37677e-07
361   4.60000e+03  5.37022e-07
362   4.61000e+03  5.36344e-07
363   4.62000e+03  5.35672e-07
364   4.63000e+03  5.35006e-07
365   4.64000e+03  5.34346e-07
366   4.65000e+03  5.33691e-07
367   4.66000e+03  5.33016e-07
368   4.67000e+03  5.32347e-07
369   4.68000e+03  5.31684e-07
370   4.69000e+03  5.31025e-07
371   4.70000e+03  5.30372e-07
372   4.71000e+03  5.29702e-07
373   4.72000e+03  5.29036e-07
374   4.73000e+03  5.28377e-07
375   4.74000e+03  5.27721e-07
376   4.75000e+03  5.27072e-07
377   4.76000e+03  5.26407e-07
378   4.77000e+03  5.25747e-07
379   4.78000e+03  5.25092e-07
380   4.79000e+03  5.24442e-07
381   4.80000e+03  5.23796e-07
382   4.81000e+03  5.23138e-07
383   4.82000e+03  5.22484e-07
384   4.83000e+03  5.21834e-07
385   4.84000e+03  5.21189e-07
386   4.85000e+03  5.20549e-07
387   4.86000e+03  5.19896e-07
388   4.87000e+03  5.19248e-07
389   4.88000e+03  5.18604e-07
390   4.89000e+03  5.17965e-07
391   4.90000e+03  5.17330e-07
392   4.91000e+03  5.16684e-07
393   4.92000e+03  5.16044e-07
394   4.93000e+03  5.15406e-07
395   4.94000e+03  5.14774e-07
396   4.95000e+03  5.14145e-07
397   4.96000e+03  5.13507e-07
398   4.97000e+03  5.12872e-07
399   4.98000e+03  5.12241e-07
400   4.99000e+03  5.11615e-07
401   5.00000e+03  5.10992e-07
402   5.01000e+03  5.10373e-07
403   5.02000e+03  5.09759e-07
404   5.03000e+03  5.09147e-07
405   5.04000e+03  5.08539e-07
406   5.05000e+03  5.07935e-07
407   5.06000e+03  5.07323e-07
408   5.07000e+03  5.06713e-07
409   5.08000e+03  5.06108e-07
410   5.09000e+03  5.05505e-07
411   5.10000e+03  5.04906e-07
412   5.11000e+03  5.04300e-07
413   5.12000e+03  5.03697e-07
414   5.13000e+03  5.03098e-07
415   5.14000e+03  5.02502e-07
416   5.15000e+03  5.01909e-07
417   5.16000e+03  5.01309e-07
418   5.17000e+03  5.00712e-07
419   5.18000e+03  5.00118e-07
420   5.19000e+03  4.99528e-07
421   5.20000e+03  4.98940e-07
422   5.21000e+03  4.98347e-07
423   5.22000e+03  4.97756e-07
424   5.23000e+03  4.97169e-07
425   5.24000e+03  4.96584e-07
426   5.25000e+03  4.96002e-07
427   5.26000e+03  4.95415e-07
428   5.27000e+03  4.94831e-07
429   5.28000e+03  4.94249e-07
430   5.29000e+03  4.93671e-07
431   5.30000e+03  4.93094e-07
432   5.31000e+03  4.92513e-07
433   5.32000e+03  4.91934e-07
434   5.33000e+03  4.91358e-07
435   5.34000e+03  4.90785e-07
436   5.35000e+03  4.90214e-07
437   5.36000e+03  4.89639e-07
438   5.37000e+03  4.89066e-07
439   5.38000e+03  4.88496e-07
440   5.39000e+03  4.87929e-07
441   5.40000e+03  4.87364e-07
442   5.41000e+03  4.86794e-07
443   5.42000e+03  4.86227e-07
444   5.43000e+03  4.85662e-07
445   5.44000e+03  4.85101e-07
446   5.45000e+03  4.84540e-07
447   5.46000e+03  4.83976e-07
448   5.47000e+03  4.83414e-07
449   5.48000e+03  4.82855e-07
450   5.49000e+03  4.82299e-07
451   5.50000e+03  4.81743e-07
452   5.51000e+03  4.81185e-07
453   5.52000e+03  4.80628e-07
454   5.53000e+03  4.80074e-07
455   5.54000e+03  4.79522e-07
456   5.55000e+03  4.78972e-07
457   5.56000e+03  4.78419e-07
458   5.57000e+03  4.77867e-07
459   5.58000e+03  4.77318e-07
460   5.59000e+03  4.76771e-07
461   5.60000e+03  4.76225e-07
462   5.61000e+03  4.75677e-07
463   5.62000e+03  4.75130e-07
464   5.63000e+03  4.74585e-07
465   5.64000e+03  4.74042e-07
466   5.65000e+03  4.73500e-07
467   5.66000e+03  4.72955e-07
468   5.67000e+03  4.72413e-07
469   5.68000e+03  4.71872e-07
470   5.69000e+03  4.71333e-07
471   5.70000e+03  4.70795e-07
472   5.71000e+03  4.30427e-07
473   5.72000e+03  3.92894e-07
474   5.73000e+03  3.58041e-07
475   5.74000e+03  3.25723e-07
476   5.75000e+03  2.95795e-07
477   5.76000e+03  2.68118e-07
478   5.77000e+03  2.42565e-07
479   5.78000e+03  2.19009e-07
480   5.79000e+03  1.97329e-07
481   5.80000e+03  1.77410e-07
482   5.81000e+03  1.59140e-07
483   5.82000e+03  1.42415e-07
484   5.83000e+03  1.27133e-07
485   5.84000e+03  1.13199e-07
486   5.85000e+03  1.00519e-07
487   5.86000e+03  8.90065e-08
488   5.87000e+03  7.85784e-08
489   5.88000e+03  6.91557e-08
490   5.89000e+03  6.06631e-08
491   5.90000e+03  5.30295e-08
492   5.91000e+03  4.61871e-08
493   5.92000e+03  4.00726e-08
494   5.93000e+03  3.46260e-08
495   5.94000e+03  2.97905e-08
496   5.95000e+03  2.55128e-08
497   5.96000e+03  2.17427e-08
498   5.97000e+03  1.84335e-08
499   5.98000e+03  1.55413e-08
500   5.99000e+03  1.30252e-08
501   6.00000e+03  1.08470e-08
502   6.01000e+03  8.97125e-09
503   6.02000e+03  7.36518e-09
504   6.03000e+03  5.99842e-09
505   6.04000e+03  4.84302e-09
506   6.05000e+03  3.87335e-09
507   6.06000e+03  3.06593e-09
508   6.07000e+03  2.39943e-09
509   6.08000e+03  1.85446e-09
510   6.09000e+03  1.41352e-09
511   6.10000e+03  1.06090e-09
512   6.11000e+03  7.82558e-10
513   6.12000e+03  5.66056e-10
514   6.13000e+03  4.00430e-10
515   6.14000e+03  2.76113e-10
516   6.15000e+03  1.84824e-10
517   6.16000e+03  1.83653e-10
518   6.17000e+03  1.82488e-10
519   6.18000e+03  1.81328e-10
520   6.19000e+03  1.80174e-10
521   6.20000e+03  1.79026e-10
522   6.21000e+03  1.77883e-10
523   6.22000e+03  1.76745e-10
524   6.23000e+03  1.75613e-10
525   6.24000e+03  1.74486e-10
526   6.25000e+03  1.73365e-10
527   6.26000e+03  1.72248e-10
528   6.27000e+03  1.71137e-10
529   6.28000e+03  1.70032e-10
530   6.29000e+03  1.68931e-10
531   6.30000e+03  1.67836e-10
532   6.31000e+03  1.66745e-10
533   6.32000e+03  1.65660e-10
534   6.33000e+03  1.64579e-10
535   6.34000e+03  1.63504e-10
536   6.35000e+03  1.62433e-10
537   6.36000e+03  1.61367e-10
538   6.37000e+03  1.60306e-10
539   6.38000e+03  1.59250e-10
540   6.39000e+03  1.58198e-10
541   6.40000e+03  1.57151e-10
542   6.41000e+03  1.56109e-10
543   6.42000e+03  1.55071e-10
544   6.43000e+03  1.54038e-10
545   6.44000e+03  1.53009e-10
546   6.45000e+03  1.51985e-10
547   6.46000e+03  1.50965e-10
548   6.47000e+03  1.49950e-10
549   6.48000e+03  1.48939e-10
550   6.49000e+03  1.47932e-10
551   6.50000e+03  1.46929e-10
552   6.51000e+03  1.45931e-10
553   6.52000e+03  1.44937e-10
554   6.53000e+03  1.43947e-10
555   6.54000e+03  1.42961e-10
556   6.55000e+03  1.41979e-10
557   6.56000e+03  1.41002e-10
558   6.57000e+03  1.40029e-10
559   6.58000e+03  1.39059e-10
560   6.59000e+03  1.38093e-10
561   6.60000e+03  1.37131e-10
562   6.61000e+03  1.36174e-10
563   6.62000e+03  1.35220e-10
564   6.63000e+03  1.34269e-10
565   6.64000e+03  1.33323e-10
566   6.65000e+03  1.32379e-10
567   6.66000e+03  1.31441e-10
568   6.67000e+03  1.30506e-10
569   6.68000e+03  1.29575e-10
570   6.69000e+03  1.28647e-10
571   6.70000e+03  1.27722e-10
572   6.71000e+03  1.26802e-10
573   6.72000e+03  1.25885e-10
574   6.73000e+03  1.24972e-10
575   6.74000e+03  1.24062e-10
576   6.75000e+03  1.23155e-10
577   6.76000e+03  1.22253e-10
578   6.77000e+03  1.21354e-10
579   6.78000e+03  1.20458e-10
580   6.79000e+03  1.19565e-10
581   6.80000e+03  1.18676e-10
582   6.81000e+03  1.17791e-10
583   6.82000e+03  1.16910e-10
584   6.83000e+03  1.16031e-10
585   6.84000e+03  1.15155e-10
586   6.85000e+03  1.14282e-10
587   6.86000e+03  1.13414e-10
588   6.87000e+03  1.12550e-10
589   6.88000e+03  1.11687e-10
590   6.89000e+03  1.10828e-10
591   6.90000e+03  1.09972e-10
592   6.91000e+03  1.09120e-10
593   6.92000e+03  1.08272e-10
594   6.93000e+03  1.07426e-10
595   6.94000e+03  1.06584e-10
596   6.95000e+03  1.05743e-10
597   6.96000e+03  1.04909e-10
598   6.97000e+03  1.04076e-10
599   6.98000e+03  1.03247e-10
600   6.99000e+03  1.02420e-10
601   7.00000e+03  1.01596e-10
602   7.01000e+03  1.00778e-10
603   7.02000e+03  9.99625e-11
604   7.03000e+03  9.91496e-11
605   7.04000e+03  9.83391e-11
606   7.05000e+03  9.75312e-11
607   7.06000e+03  9.67293e-11
608   7.07000e+03  9.59302e-11
609   7.08000e+03  9.51335e-11
610   7.09000e+03  9.43393e-11
611   7.10000e+03  9.35475e-11
612   7.11000e+03  9.27616e-11
613   7.12000e+03  9.19781e-11
614   7.13000e+03  9.11972e-11
615   7.14000e+03  9.04186e-11
616   7.15000e+03  8.96427e-11
617   7.16000e+03  8.88734e-11
618   7.17000e+03  8.81064e-11
619   7.18000e+03  8.73422e-11
620   7.19000e+03  8.65803e-11
621   7.20000e+03  8.58208e-11
622   7.21000e+03  8.50678e-11
623   7.22000e+03  8.43172e-11
624   7.23000e+03  8.35692e-11
625   7.24000e+03  8.28236e-11
626   7.25000e+03  8.20803e-11
627   7.26000e+03  8.13438e-11
628   7.27000e+03  8.06098e-11
629   7.28000e+03  7.98783e-11
630   7.29000e+03  7.91491e-11
631   7.30000e+03  7.84225e-11
632   7.31000e+03  7.77029e-11
633   7.32000e+03  7.69857e-11
634   7.33000e+03  7.62710e-11
635   7.34000e+03  7.55588e-11
636   7.35000e+03  7.48492e-11
637   7.36000e+03  7.41468e-11
638   7.37000e+03  7.34470e-11
639   7.38000e+03  7.27497e-11
640   7.39000e+03  7.20549e-11
641   7.40000e+03  7.13626e-11
642   7.41000e+03  7.06770e-11
643   7.42000e+03  6.99941e-11
644   7.43000e+03  6.93136e-11
645   7.44000e+03  6.86357e-11
646   7.45000e+03  6.79601e-11
647   7.46000e+03  6.72928e-11
648   7.47000e+03  6.66281e-11
649   7.48000e+03  6.59659e-11
650   7.49000e+03  6.53062e-11
651   7.50000e+03  6.46492e-11
652   7.51000e+03  6.39999e-11
653   7.52000e+03  6.33533e-11
654   7.53000e+03  6.27093e-11
655   7.54000e+03  6.20678e-11
656   7.55000e+03  6.14290e-11
657   7.56000e+03  6.07978e-11
658   7.57000e+03  6.01693e-11
659   7.58000e+03  5.95433e-11
660   7.59000e+03  5.89200e-11
661   7.60000e+03  5.82993e-11
662   7.61000e+03  5.76866e-11
663   7.62000e+03  5.70765e-11
664   7.63000e+03  5.64691e-11
665   7.64000e+03  5.58644e-11
666   7.65000e+03  5.52624e-11
667   7.66000e+03  5.46683e-11
668   7.67000e+03  5.40770e-11
669   7.68000e+03  5.34885e-11
670   7.69000e+03  5.29027e-11
671   7.70000e+03  5.23195e-11
672   7.71000e+03  5.17441e-11
673   7.72000e+03  5.11714e-11
674   7.73000e+03  5.06015e-11
675   7.74000e+03  5.00344e-11
676   7.75000e+03  4.94699e-11
677   7.76000e+03  4.89146e-11
678   7.77000e+03  4.83622e-11
679   7.78000e+03  4.78125e-11
680   7.79000e+03  4.72655e-11
681   7.80000e+03  4.67213e-11
682   7.81000e+03  4.61846e-11
683   7.82000e+03  4.56507e-11
684   7.83000e+03  4.51196e-11
685   7.84000e+03  4.45913e-11
686   7.85000e+03  4.40657e-11
687   7.86000e+03  4.35484e-11
688   7.87000e+03  4.30338e-11
689   7.88000e+03  4.25222e-11
690   7.89000e+03  4.20133e-11
691   7.90000e+03  4.15072e-11
692   7.91000e+03  4.10095e-11
693   7.92000e+03  4.05147e-11
694   7.93000e+03  4.00226e-11
695   7.94000e+03  3.95334e-11
696   7.95000e+03  3.90469e-11
697   7.96000e+03  3.85691e-11
698   7.97000e+03  3.80940e-11
699   7.98000e+03  3.76218e-11
700   7.99000e+03  3.71523e-11
701   8.00000e+03  3.66857e-11
702   8.01000e+03  3.62271e-11
703   8.02000e+03  3.57712e-11
704   8.03000e+03  3.53183e-11
705   8.04000e+03  3.48680e-11
706   8.05000e+03  3.44206e-11
707   8.06000e+03  3.39811e-11
708   8.07000e+03  3.35444e-11
709   8.08000e+03  3.31106e-11
710   8.09000e+03  3.26795e-11
711   8.10000e+03  3.22513e-11
712   8.11000e+03  3.18310e-11
713   8.12000e+03  3.14135e-11
714   8.13000e+03  3.09988e-11
715   8.14000e+03  3.05869e-11
716   8.15000e+03  3.01778e-11
717   8.16000e+03  2.97767e-11
718   8.17000e+03  2.93784e-11
719   8.18000e+03  2.89828e-11
720   8.19000e+03  2.85899e-11
721   8.20000e+03  2.81998e-11
722   8.21000e+03  2.78178e-11
723   8.22000e+03  2.74385e-11
724   8.23000e+03  2.70620e-11
725   8.24000e+03  2.66881e-11
726   8.25000e+03  2.63169e-11
727   8.26000e+03  2.59522e-11
728   8.27000e+03  2.55902e-11
729   8.28000e+03  2.52309e-11
730   8.29000e+03  2.48742e-11
731   8.30000e+03  2.45202e-11
732   8.31000e+03  2.41743e-11
733   8.32000e+03  2.38310e-11
734   8.33000e+03  2.34902e-11
735   8.34000e+03  2.31522e-11
736   8.35000e+03  2.28167e-11
737   8.36000e+03  2.24892e-11
738   8.37000e+03  2.21643e-11
739   8.38000e+03  2.18420e-11
740   8.39000e+03  2.15222e-11
741   8.40000e+03  2.12050e-11
742   8.41000e+03  2.08941e-11
743   8.42000e+03  2.05859e-11
744   8.43000e+03  2.02800e-11
745   8.44000e+03  1.99767e-11
746   8.45000e+03  1.96759e-11
747   8.46000e+03  1.93814e-11
748   8.47000e+03  1.90893e-11
749   8.48000e+03  1.87997e-11
750   8.49000e+03  1.85125e-11
751   8.50000e+03  1.82277e-11
752   8.51000e+03  1.79508e-11
753   8.52000e+03  1.76762e-11
754   8.53000e+03  1.74039e-11
755   8.54000e+03  1.71341e-11
756   8.55000e+03  1.68666e-11
757   8.56000e+03  1.66052e-11
758   8.57000e+03  1.63461e-11
759   8.58000e+03  1.60894e-11
760   8.59000e+03  1.58349e-11
761   8.60000e+03  1.55827e-11
762   8.61000e+03  1.53365e-11
763   8.62000e+03  1.50926e-11
764   8.63000e+03  1.48509e-11
765   8.64000e+03  1.46114e-11
766   8.65000e+03  1.43741e-11
767   8.66000e+03  1.41427e-11
768   8.67000e+03  1.39135e-11
769   8.68000e+03  1.36864e-11
770   8.69000e+03  1.34614e-11
771   8.70000e+03  1.32386e-11
772   8.71000e+03  1.30216e-11
773   8.72000e+03  1.28067e-11
774   8.73000e+03  1.25938e-11
775   8.74000e+03  1.23829e-11
776   8.75000e+03  1.21741e-11
777   8.76000e+03  1.19710e-11
778   8.77000e+03  1.17698e-11
779   8.78000e+03  1.15706e-11
780   8.79000e+03  1.13734e-11
781   8.80000e+03  1.11782e-11
782   8.81000e+03  1.09884e-11
783   8.82000e+03  1.08006e-11
784   8.83000e+03  1.06146e-11
785   8.84000e+03  1.04306e-11
786   8.85000e+03  1.02484e-11
787   8.86000e+03  1.00716e-11
788   8.87000e+03  9.89662e-12
789   8.88000e+03  9.72342e-12
790   8.89000e+03  9.55200e-12
791   8.90000e+03  9.38243e-12
792   8.91000e+03  9.21734e-12
793   8.92000e+03  9.05396e-12
794   8.93000e+03  8.89234e-12
795   8.94000e+03  8.73244e-12
796   8.95000e+03  8.57421e-12
797   8.96000e+03  8.42041e-12
798   8.97000e+03  8.26824e-12
799   8.98000e+03  8.11771e-12
800   8.99000e+03  7.96885e-12
801   9.00000e+03  7.82156e-12
802   9.01000e+03  7.67917e-12
803   9.02000e+03  7.53841e-12
804   9.03000e+03  7.39915e-12
805   9.04000e+03  7.26143e-12
806   9.05000e+03  7.12526e-12
807   9.06000e+03  6.99256e-12
808   9.07000e+03  6.86130e-12
809   9.08000e+03  6.73156e-12
810   9.09000e+03  6.60326e-12
811   9.10000e+03  6.47642e-12
812   9.11000e+03  6.35420e-12
813   9.12000e+03  6.23336e-12
814   9.13000e+03  6.11390e-12
815   9.14000e+03  5.99583e-12
816   9.15000e+03  5.87913e-12
817   9.16000e+03  5.76621e-12
818   9.17000e+03  5.65462e-12
819   9.18000e+03  5.54435e-12
820   9.19000e+03  5.43539e-12
821   9.20000e+03  5.32770e-12
822   9.21000e+03  5.22367e-12
823   9.22000e+03  5.12086e-12
824   9.23000e+03  5.01932e-12
825   9.24000e+03  4.91899e-12
826   9.25000e+03  4.81985e-12
827   9.26000e+03  4.72365e-12
828   9.27000e+03  4.62863e-12
829   9.28000e+03  4.53477e-12
830   9.29000e+03  4.44206e-12
831   9.30000e+03  4.35047e-12
832   9.31000e+03  4.26226e-12
833   9.32000e+03  4.17513e-12
834   9.33000e+03  4.08911e-12
835   9.34000e+03  4.00415e-12
836   9.35000e+03  3.92027e-12
837   9.36000e+03  3.83906e-12
838   9.37000e+03  3.75886e-12
839   9.38000e+03  3.67968e-12
840   9.39000e+03  3.60152e-12
841   9.40000e+03  3.52436e-12
842   9.41000e+03  3.45028e-12
843   9.42000e+03  3.37714e-12
844   9.43000e+03  3.30495e-12
845   9.44000e+03  3.23371e-12
846   9.45000e+03  3.16338e-12
847   9.46000e+03  3.09601e-12
848   9.47000e+03  3.02951e-12
849   9.48000e+03  2.96388e-12
850   9.49000e+03  2.89914e-12
851   9.50000e+03  2.83522e-12
852   9.51000e+03  2.77316e-12
853   9.52000e+03  2.71190e-12
854   9.53000e+03  2.65148e-12
855   9.54000e+03  2.59186e-12
856   9.55000e+03  2.53306e-12
857   9.56000e+03  2.47693e-12
858   9.57000e+03  2.42155e-12
859   9.58000e+03  2.36690e-12
860   9.59000e+03  2.31304e-12
861   9.60000e+03  2.25991e-12
862   9.61000e+03  2.20887e-12
863   9.62000e+03  2.15852e-12
864   9.63000e+03  2.10888e-12
865   9.64000e+03  2.05992e-12
866   9.65000e+03  2.01164e-12
867   9.66000e+03  1.96536e-12
868   9.67000e+03  1.91972e-12
869   9.68000e+03  1.87473e-12
870   9.69000e+03  1.83036e-12
871   9.70000e+03  1.78661e-12
872   9.71000e+03  1.74476e-12
873   9.72000e+03  1.70351e-12
874   9.73000e+03  1.66286e-12
875   9.74000e+03  1.62275e-12
876   9.75000e+03  1.58325e-12
877   9.76000e+03  1.54512e-12
878   9.77000e+03  1.50755e-12
879   9.78000e+03  1.47051e-12
880   9.79000e+03  1.43403e-12
881   9.80000e+03  1.39808e-12
882   9.81000e+03  1.36420e-12
883   9.82000e+03  1.33081e-12
884   9.83000e+03  1.29792e-12
885   9.84000e+03  1.26552e-12
886   9.85000e+03  1.23359e-12
887   9.86000e+03  1.20287e-12
888   9.87000e+03  1.17264e-12
889   9.88000e+03  1.14284e-12
890   9.89000e+03  1.11349e-12
891   9.90000e+03  1.08461e-12
892   9.91000e+03  1.05721e-12
893   9.92000e+03  1.03022e-12
894   9.93000e+03  1.00364e-12
895   9.94000e+03  9.77489e-13
896   9.95000e+03  9.51721e-13
897   9.96000e+03  9.27030e-13
898   9.97000e+03  9.02728e-13
899   9.98000e+03  8.78783e-13
900   9.99000e+03  8.55218e-13
901   1.00000e+04  8.32028e-13
902   1.00100e+04  8.17711e-13
903   1.00200e+04  8.03581e-13
904   1.00300e+04  9.31698e-13
905   1.00400e+04  9.15461e-13
906   1.00500e+04  8.99439e-13
907   1.00600e+04  8.83630e-13
908   1.00700e+04  8.68030e-13
909   1.00800e+04  8.52638e-13
910   1.00900e+04  8.37451e-13
911   1.01000e+04  8.22469e-13
912   1.01100e+04  8.07687e-13
913   1.01200e+04  7.93105e-13
914   1.01300e+04  7.78720e-13
915   1.01400e+04  7.64530e-13
916   1.01500e+04  7.50533e-13
917   1.01600e+04  7.36728e-13
918   1.01700e+04  7.23111e-13
919   1.01800e+04  7.09681e-13
920   1.01900e+04  6.96437e-13
921   1.02000e+04  6.83375e-13
922   1.02100e+04  6.70495e-13
923   1.02200e+04  6.57794e-13
924   1.02300e+04  6.45270e-13
925   1.02400e+04  6.32921e-13
926   1.02500e+04  6.20746e-13
927   1.02600e+04  6.08742e-13
928   1.02700e+04  5.96908e-13
929   1.02800e+04  5.85242e-13
930   1.02900e+04  5.73742e-13
931   1.03000e+04  5.62406e-13
932   1.03100e+04  5.51233e-13
933   1.03200e+04  5.40220e-13
934   1.03300e+04  5.29366e-13
935   1.03400e+04  5.18670e-13
936   1.03500e+04  5.08128e-13
937   1.03600e+04  4.97741e-13
938   1.03700e+04  4.87505e-13
939   1.03800e+04  4.77419e-13
940   1.03900e+04  4.67482e-13
941   1.04000e+04  4.57692e-13
942   1.04100e+04  4.48047e-13
943   1.04200e+04  4.38546e-13
944   1.04300e+04  4.29187e-13
945   1.04400e+04  4.19968e-13
946   1.04500e+04  4.10888e-13
947   1.04600e+04  4.01945e-13
948   1.04700e+04  3.93137e-13
949   1.04800e+04  3.84464e-13
950   1.04900e+04  3.75923e-13
951   1.05000e+04  3.67513e-13
952   1.05100e+04  3.59233e-13
953   1.05200e+04  3.51080e-13
954   1.05300e+04  3.43054e-13
955   1.05400e+04  3.35153e-13
956   1.05500e+04  3.27376e-13
957   1.05600e+04  3.19721e-13
958   1.05700e+04  3.12186e-13
959   1.05800e+04  3.04770e-13
960   1.05900e+04  2.97473e-13
961   1.06000e+04  2.90291e-13
962   1.06100e+04  2.83225e-13
963   1.06200e+04  2.76272e-13
964   1.06300e+04  2.69432e-13
965   1.06400e+04  2.62702e-13
966   1.06500e+04  2.56082e-13
967   1.06600e+04  2.49571e-13
968   1.06700e+04  2.43166e-13
969   1.06800e+04  2.36867e-13
970   1.06900e+04  2.30672e-13
971   1.07000e+04  2.24581e-13
972   1.07100e+04  2.18591e-13
973   1.07200e+04  2.12702e-13
974   1.07300e+04  2.06912e-13
975   1.07400e+04  2.01220e-13
976   1.07500e+04  1.95625e-13
977   1.07600e+04  1.90125e-13
978   1.07700e+04  1.84721e-13
979   1.07800e+04  1.79409e-13
980   1.07900e+04  1.74189e-13
981   1.08000e+04  1.69061e-13
982   1.08100e+04  1.64022e-13
983   1.08200e+04  1.59072e-13
984   1.08300e+04  1.54209e-13
985   1.08400e+04  1.49432e-13
986   1.08500e+04  1.44741e-13
987   1.08600e+04  1.40134e-13
988   1.08700e+04  1.35611e-13
989   1.08800e+04  1.31169e-13
990   1.08900e+04  1.26808e-13
991   1.09000e+04  1.22527e-13
992   1.09100e+04  1.18324e-13
993   1.09200e+04  1.14200e-13
994   1.09300e+04  1.10152e-13
995   1.09400e+04  1.06180e-13
996   1.09500e+04  1.02283e-13
997   1.09600e+04  9.84596e-14
998   1.09700e+04  9.47089e-14
999   1.09800e+04  9.10299e-14
1000  1.09900e+04  8.74217e-14
1001  1.10000e+04  8.38834e-14
