   1001 castor_uv
1     1.00000e+03  3.02352e-06
2     1.01000e+03  3.73452e-06
3     1.02000e+03  4.58304e-06
4     1.03000e+03  6.59995e-06
5     1.04000e+03  1.04760e-05
6     1.05000e+03  1.52903e-05
7     1.06000e+03  1.90303e-05
8     1.07000e+03  2.35757e-05
9     1.08000e+03  2.90377e-05
10    1.09000e+03  3.55607e-05
11    1.10000e+03  4.33159e-05
12    1.11000e+03  5.25358e-05
13    1.12000e+03  6.34131e-05
14    1.13000e+03  7.61926e-05
15    1.14000e+03  9.11776e-05
16    1.15000e+03  1.08607e-04
17    1.16000e+03  1.28946e-04
18    1.17000e+03  1.56859e-04
19    1.18000e+03  1.90556e-04
20    1.19000e+03  2.30632e-04
21    1.20000e+03  2.77953e-04
22    1.21000e+03  3.33567e-04
23    1.22000e+03  3.92612e-04
24    1.23000e+03  4.53353e-04
25    1.24000e+03  5.22692e-04
26    1.25000e+03  6.01896e-04
27    1.26000e+03  6.92123e-04
28    1.27000e+03  7.94784e-04
29    1.28000e+03  9.12457e-04
30    1.29000e+03  1.04646e-03
31    1.30000e+03  1.19862e-03
32    1.31000e+03  1.37182e-03
33    1.32000e+03  1.56881e-03
34    1.33000e+03  1.79198e-03
35    1.34000e+03  2.04815e-03
36    1.35000e+03  2.34334e-03
37    1.36000e+03  2.67764e-03
38    1.37000e+03  3.05556e-03
39    1.38000e+03  3.48304e-03
40    1.39000e+03  3.96909e-03
41    1.40000e+03  4.51590e-03
42    1.41000e+03  5.12970e-03
43    1.42000e+03  5.81816e-03
44    1.43000e+03  6.59021e-03
45    1.44000e+03  7.42696e-03
46    1.45000e+03  8.31532e-03
47    1.46000e+03  9.29568e-03
48    1.47000e+03  1.03887e-02
49    1.48000e+03  1.15895e-02
50    1.49000e+03  1.29057e-02
51    1.50000e+03  1.43454e-02
52    1.51000e+03  1.59243e-02
53    1.52000e+03  1.76478e-02
54    1.53000e+03  1.95212e-02
55    1.54000e+03  2.15530e-02
56    1.55000e+03  2.37299e-02
57    1.56000e+03  2.60802e-02
58    1.57000e+03  2.86158e-02
59    1.58000e+03  3.13460e-02
60    1.59000e+03  3.42805e-02
61    1.60000e+03  3.74292e-02
62    1.61000e+03  4.08474e-02
63    1.62000e+03  4.44941e-02
64    1.63000e+03  4.83912e-02
65    1.64000e+03  5.25494e-02
66    1.65000e+03  5.69792e-02
67    1.66000e+03  6.17399e-02
68    1.67000e+03  6.68207e-02
69    1.68000e+03  7.22126e-02
70    1.69000e+03  7.79269e-02
71    1.70000e+03  8.39740e-02
72    1.71000e+03  9.03664e-02
73    1.72000e+03  9.72016e-02
74    1.73000e+03  1.04418e-01
75    1.74000e+03  1.12027e-01
76    1.75000e+03  1.20042e-01
77    1.76000e+03  1.28474e-01
78    1.77000e+03  1.37336e-01
79    1.78000e+03  1.46724e-01
80    1.79000e+03  1.56583e-01
81    1.80000e+03  1.66919e-01
82    1.81000e+03  1.77776e-01
83    1.82000e+03  1.89145e-01
84    1.83000e+03  2.01041e-01
85    1.84000e+03  2.13516e-01
86    1.85000e+03  2.26642e-01
87    1.86000e+03  2.31974e-01
88    1.87000e+03  2.37288e-01
89    1.88000e+03  2.42583e-01
90    1.89000e+03  2.47858e-01
91    1.90000e+03  2.53111e-01
92    1.91000e+03  2.58377e-01
93    1.92000e+03  2.63587e-01
94    1.93000e+03  2.68777e-01
95    1.94000e+03  2.73947e-01
96    1.95000e+03  2.79097e-01
97    1.96000e+03  2.84225e-01
98    1.97000e+03  2.89332e-01
99    1.98000e+03  2.94417e-01
100   1.99000e+03  2.99558e-01
101   2.00000e+03  3.04730e-01
102   2.01000e+03  3.07780e-01
103   2.02000e+03  3.10770e-01
104   2.03000e+03  3.13701e-01
105   2.04000e+03  3.16574e-01
106   2.05000e+03  3.19391e-01
107   2.06000e+03  3.22154e-01
108   2.07000e+03  3.24985e-01
109   2.08000e+03  3.27945e-01
110   2.09000e+03  3.30526e-01
111   2.10000e+03  3.33380e-01
112   2.11000e+03  3.36092e-01
113   2.12000e+03  3.34838e-01
114   2.13000e+03  3.33348e-01
115   2.14000e+03  3.31916e-01
116   2.15000e+03  3.30599e-01
117   2.16000e+03  3.29587e-01
118   2.17000e+03  3.28103e-01
119   2.18000e+03  3.26532e-01
120   2.19000e+03  3.25324e-01
121   2.20000e+03  3.24300e-01
122   2.21000e+03  3.23323e-01
123   2.22000e+03  3.22798e-01
124   2.23000e+03  3.22228e-01
125   2.24000e+03  3.22159e-01
126   2.25000e+03  3.22198e-01
127   2.26000e+03  3.22178e-01
128   2.27000e+03  3.22771e-01
129   2.28000e+03  3.23526e-01
130   2.29000e+03  3.25038e-01
131   2.30000e+03  3.26928e-01
132   2.31000e+03  3.29062e-01
133   2.32000e+03  3.30990e-01
134   2.33000e+03  3.32722e-01
135   2.34000e+03  3.33981e-01
136   2.35000e+03  3.34474e-01
137   2.36000e+03  3.34233e-01
138   2.37000e+03  3.33321e-01
139   2.38000e+03  3.31819e-01
140   2.39000e+03  3.29831e-01
141   2.40000e+03  3.27378e-01
142   2.41000e+03  3.24676e-01
143   2.42000e+03  3.21439e-01
144   2.43000e+03  3.17967e-01
145   2.44000e+03  3.14717e-01
146   2.45000e+03  3.10858e-01
147   2.46000e+03  3.07171e-01
148   2.47000e+03  3.03490e-01
149   2.48000e+03  2.99545e-01
150   2.49000e+03  2.95898e-01
151   2.50000e+03  2.92200e-01
152   2.51000e+03  2.88225e-01
153   2.52000e+03  2.84470e-01
154   2.53000e+03  2.80594e-01
155   2.54000e+03  2.77459e-01
156   2.55000e+03  2.73571e-01
157   2.56000e+03  2.70080e-01
158   2.57000e+03  2.66451e-01
159   2.58000e+03  2.62921e-01
160   2.59000e+03  2.59424e-01
161   2.60000e+03  2.55911e-01
162   2.61000e+03  2.52348e-01
163   2.62000e+03  2.48833e-01
164   2.63000e+03  2.45420e-01
165   2.64000e+03  2.41939e-01
166   2.65000e+03  2.38452e-01
167   2.66000e+03  2.35402e-01
168   2.67000e+03  2.32313e-01
169   2.68000e+03  2.29640e-01
170   2.69000e+03  2.27108e-01
171   2.70000e+03  2.24979e-01
172   2.71000e+03  2.23362e-01
173   2.72000e+03  2.22105e-01
174   2.73000e+03  2.21302e-01
175   2.74000e+03  2.21033e-01
176   2.75000e+03  2.21090e-01
177   2.76000e+03  2.05910e-01
178   2.77000e+03  1.91402e-01
179   2.78000e+03  1.77629e-01
180   2.79000e+03  1.64482e-01
181   2.80000e+03  1.51762e-01
182   2.81000e+03  1.39513e-01
183   2.82000e+03  1.27744e-01
184   2.83000e+03  1.16451e-01
185   2.84000e+03  1.05649e-01
186   2.85000e+03  9.54179e-02
187   2.86000e+03  8.57481e-02
188   2.87000e+03  7.66122e-02
189   2.88000e+03  6.83305e-02
190   2.89000e+03  6.05031e-02
191   2.90000e+03  5.31241e-02
192   2.91000e+03  4.62352e-02
193   2.92000e+03  3.96720e-02
194   2.93000e+03  3.34633e-02
195   2.94000e+03  2.76572e-02
196   2.95000e+03  2.22913e-02
197   2.96000e+03  1.74001e-02
198   2.97000e+03  1.30374e-02
199   2.98000e+03  9.24519e-03
200   2.99000e+03  6.05293e-03
201   3.00000e+03  3.50826e-03
202   3.01000e+03  3.54056e-03
203   3.02000e+03  3.57267e-03
204   3.03000e+03  3.60095e-03
205   3.04000e+03  3.62673e-03
206   3.05000e+03  3.65246e-03
207   3.06000e+03  3.67372e-03
208   3.07000e+03  3.69299e-03
209   3.08000e+03  3.71148e-03
210   3.09000e+03  3.72803e-03
211   3.10000e+03  3.74329e-03
212   3.11000e+03  3.75766e-03
213   3.12000e+03  3.77040e-03
214   3.13000e+03  3.78152e-03
215   3.14000e+03  3.79183e-03
216   3.15000e+03  3.80143e-03
217   3.16000e+03  3.80956e-03
218   3.17000e+03  3.81695e-03
219   3.18000e+03  3.82387e-03
220   3.19000e+03  3.82961e-03
221   3.20000e+03  3.83467e-03
222   3.21000e+03  3.83906e-03
223   3.22000e+03  3.84263e-03
224   3.23000e+03  3.84590e-03
225   3.24000e+03  3.84851e-03
226   3.25000e+03  3.85082e-03
227   3.26000e+03  3.85269e-03
228   3.27000e+03  3.85424e-03
229   3.28000e+03  3.85563e-03
230   3.29000e+03  3.85614e-03
231   3.30000e+03  3.85630e-03
232   3.31000e+03  3.85565e-03
233   3.32000e+03  3.85494e-03
234   3.33000e+03  3.85417e-03
235   3.34000e+03  3.85254e-03
236   3.35000e+03  3.85054e-03
237   3.36000e+03  3.84793e-03
238   3.37000e+03  3.84521e-03
239   3.38000e+03  3.84196e-03
240   3.39000e+03  3.83845e-03
241   3.40000e+03  3.83393e-03
242   3.41000e+03  3.82908e-03
243   3.42000e+03  3.82373e-03
244   3.43000e+03  3.81756e-03
245   3.44000e+03  3.81058e-03
246   3.45000e+03  3.80264e-03
247   3.46000e+03  3.79406e-03
248   3.47000e+03  3.78429e-03
249   3.48000e+03  3.77403e-03
250   3.49000e+03  3.76164e-03
251   3.50000e+03  3.74838e-03
252   3.51000e+03  3.73318e-03
253   3.52000e+03  3.71757e-03
254   3.53000e+03  3.69870e-03
255   3.54000e+03  3.67914e-03
256   3.55000e+03  3.65762e-03
257   3.56000e+03  3.63576e-03
258   3.57000e+03  3.61214e-03
259   3.58000e+03  3.58770e-03
260   3.59000e+03  3.56325e-03
261   3.60000e+03  3.53881e-03
262   3.61000e+03  3.51794e-03
263   3.62000e+03  3.49882e-03
264   3.63000e+03  3.48424e-03
265   3.64000e+03  3.47369e-03
266   3.65000e+03  3.46586e-03
267   3.66000e+03  3.46566e-03
268   3.67000e+03  3.46604e-03
269   3.68000e+03  3.47542e-03
270   3.69000e+03  3.48275e-03
271   3.70000e+03  3.49916e-03
272   3.71000e+03  3.51373e-03
273   3.72000e+03  3.53401e-03
274   3.73000e+03  3.55463e-03
275   3.74000e+03  3.57763e-03
276   3.75000e+03  3.60229e-03
277   3.76000e+03  3.62717e-03
278   3.77000e+03  3.65400e-03
279   3.78000e+03  3.68041e-03
280   3.79000e+03  3.70645e-03
281   3.80000e+03  3.73237e-03
282   3.81000e+03  3.75707e-03
283   3.82000e+03  3.78133e-03
284   3.83000e+03  3.80550e-03
285   3.84000e+03  3.82949e-03
286   3.85000e+03  3.85359e-03
287   3.86000e+03  3.75931e-03
288   3.87000e+03  3.66393e-03
289   3.88000e+03  3.56702e-03
290   3.89000e+03  3.46863e-03
291   3.90000e+03  3.36896e-03
292   3.91000e+03  3.26642e-03
293   3.92000e+03  3.16293e-03
294   3.93000e+03  3.05777e-03
295   3.94000e+03  2.95124e-03
296   3.95000e+03  2.84369e-03
297   3.96000e+03  2.73430e-03
298   3.97000e+03  2.62408e-03
299   3.98000e+03  2.51235e-03
300   3.99000e+03  2.39941e-03
301   4.00000e+03  2.28570e-03
302   4.01000e+03  2.17082e-03
303   4.02000e+03  2.05518e-03
304   4.03000e+03  1.93836e-03
305   4.04000e+03  1.82043e-03
306   4.05000e+03  1.70183e-03
307   4.06000e+03  1.58262e-03
308   4.07000e+03  1.46274e-03
309   4.08000e+03  1.34206e-03
310   4.09000e+03  1.22029e-03
311   4.10000e+03  1.09791e-03
312   4.11000e+03  9.74795e-04
313   4.12000e+03  8.50981e-04
314   4.13000e+03  7.26593e-04
315   4.14000e+03  6.01563e-04
316   4.15000e+03  4.75954e-04
317   4.16000e+03  4.76649e-04
318   4.17000e+03  4.77295e-04
319   4.18000e+03  4.77939e-04
320   4.19000e+03  4.78578e-04
321   4.20000e+03  4.79137e-04
322   4.21000e+03  4.79700e-04
323   4.22000e+03  4.80241e-04
324   4.23000e+03  4.80729e-04
325   4.24000e+03  4.81220e-04
326   4.25000e+03  4.81712e-04
327   4.26000e+03  4.82203e-04
328   4.27000e+03  4.82698e-04
329   4.28000e+03  4.83148e-04
330   4.29000e+03  4.83552e-04
331   4.30000e+03  4.83960e-04
332   4.31000e+03  4.84358e-04
333   4.32000e+03  4.84750e-04
334   4.33000e+03  4.85144e-04
335   4.34000e+03  4.85505e-04
336   4.35000e+03  4.85832e-04
337   4.36000e+03  4.86162e-04
338   4.37000e+03  4.86474e-04
339   4.38000e+03  4.86759e-04
340   4.39000e+03  4.87046e-04
341   4.40000e+03  4.87326e-04
342   4.41000e+03  4.87592e-04
343   4.42000e+03  4.87860e-04
344   4.43000e+03  4.88110e-04
345   4.44000e+03  4.88282e-04
346   4.45000e+03  4.88457e-04
347   4.46000e+03  4.88633e-04
348   4.47000e+03  4.88860e-04
349   4.48000e+03  4.89089e-04
350   4.49000e+03  4.89321e-04
351   4.50000e+03  4.89477e-04
352   4.51000e+03  4.89616e-04
353   4.52000e+03  4.89756e-04
354   4.53000e+03  4.89903e-04
355   4.54000e+03  4.90057e-04
356   4.55000e+03  4.90212e-04
357   4.56000e+03  4.90362e-04
358   4.57000e+03  4.90485e-04
359   4.58000e+03  4.90609e-04
360   4.59000e+03  4.90734e-04
361   4.60000e+03  4.90834e-04
362   4.61000e+03  4.90928e-04
363   4.62000e+03  4.91023e-04
364   4.63000e+03  4.91122e-04
365   4.64000e+03  4.91226e-04
366   4.65000e+03  4.91332e-04
367   4.66000e+03  4.91439e-04
368   4.67000e+03  4.91445e-04
369   4.68000e+03  4.91442e-04
370   4.69000e+03  4.91440e-04
371   4.70000e+03  4.91459e-04
372   4.71000e+03  4.91512e-04
373   4.72000e+03  4.91565e-04
374   4.73000e+03  4.91620e-04
375   4.74000e+03  4.91541e-04
376   4.75000e+03  4.91427e-04
377   4.76000e+03  4.91312e-04
378   4.77000e+03  4.91207e-04
379   4.78000e+03  4.91208e-04
380   4.79000e+03  4.91210e-04
381   4.80000e+03  4.91211e-04
382   4.81000e+03  4.91193e-04
383   4.82000e+03  4.91143e-04
384   4.83000e+03  4.91095e-04
385   4.84000e+03  4.91046e-04
386   4.85000e+03  4.90989e-04
387   4.86000e+03  4.90930e-04
388   4.87000e+03  4.90871e-04
389   4.88000e+03  4.90813e-04
390   4.89000e+03  4.90750e-04
391   4.90000e+03  4.90688e-04
392   4.91000e+03  4.90626e-04
393   4.92000e+03  4.90564e-04
394   4.93000e+03  4.90482e-04
395   4.94000e+03  4.90400e-04
396   4.95000e+03  4.90319e-04
397   4.96000e+03  4.90236e-04
398   4.97000e+03  4.90139e-04
399   4.98000e+03  4.90042e-04
400   4.99000e+03  4.89946e-04
401   5.00000e+03  4.89846e-04
402   5.01000e+03  4.89710e-04
403   5.02000e+03  4.89574e-04
404   5.03000e+03  4.89438e-04
405   5.04000e+03  4.89303e-04
406   5.05000e+03  4.89216e-04
407   5.06000e+03  4.89128e-04
408   5.07000e+03  4.89041e-04
409   5.08000e+03  4.88954e-04
410   5.09000e+03  4.88795e-04
411   5.10000e+03  4.88628e-04
412   5.11000e+03  4.88461e-04
413   5.12000e+03  4.88294e-04
414   5.13000e+03  4.88142e-04
415   5.14000e+03  4.87996e-04
416   5.15000e+03  4.87850e-04
417   5.16000e+03  4.87706e-04
418   5.17000e+03  4.87552e-04
419   5.18000e+03  4.87383e-04
420   5.19000e+03  4.87214e-04
421   5.20000e+03  4.87047e-04
422   5.21000e+03  4.86877e-04
423   5.22000e+03  4.86699e-04
424   5.23000e+03  4.86522e-04
425   5.24000e+03  4.86345e-04
426   5.25000e+03  4.86168e-04
427   5.26000e+03  4.85973e-04
428   5.27000e+03  4.85767e-04
429   5.28000e+03  4.85560e-04
430   5.29000e+03  4.85353e-04
431   5.30000e+03  4.85152e-04
432   5.31000e+03  4.84988e-04
433   5.32000e+03  4.84825e-04
434   5.33000e+03  4.84662e-04
435   5.34000e+03  4.84500e-04
436   5.35000e+03  4.84314e-04
437   5.36000e+03  4.84113e-04
438   5.37000e+03  4.83911e-04
439   5.38000e+03  4.83711e-04
440   5.39000e+03  4.83510e-04
441   5.40000e+03  4.83297e-04
442   5.41000e+03  4.83082e-04
443   5.42000e+03  4.82868e-04
444   5.43000e+03  4.82654e-04
445   5.44000e+03  4.82441e-04
446   5.45000e+03  4.82232e-04
447   5.46000e+03  4.82022e-04
448   5.47000e+03  4.81812e-04
449   5.48000e+03  4.81602e-04
450   5.49000e+03  4.81376e-04
451   5.50000e+03  4.81125e-04
452   5.51000e+03  4.80872e-04
453   5.52000e+03  4.80619e-04
454   5.53000e+03  4.80366e-04
455   5.54000e+03  4.80130e-04
456   5.55000e+03  4.79913e-04
457   5.56000e+03  4.79696e-04
458   5.57000e+03  4.79478e-04
459   5.58000e+03  4.79261e-04
460   5.59000e+03  4.79023e-04
461   5.60000e+03  4.78763e-04
462   5.61000e+03  4.78503e-04
463   5.62000e+03  4.78243e-04
464   5.63000e+03  4.77983e-04
465   5.64000e+03  4.77735e-04
466   5.65000e+03  4.77507e-04
467   5.66000e+03  4.77280e-04
468   5.67000e+03  4.77052e-04
469   5.68000e+03  4.76824e-04
470   5.69000e+03  4.76583e-04
471   5.70000e+03  4.76309e-04
472   5.71000e+03  4.43497e-04
473   5.72000e+03  4.12419e-04
474   5.73000e+03  3.83011e-04
475   5.74000e+03  3.55212e-04
476   5.75000e+03  3.28970e-04
477   5.76000e+03  3.04215e-04
478   5.77000e+03  2.80891e-04
479   5.78000e+03  2.58939e-04
480   5.79000e+03  2.38305e-04
481   5.80000e+03  2.18938e-04
482   5.81000e+03  2.00784e-04
483   5.82000e+03  1.83786e-04
484   5.83000e+03  1.67895e-04
485   5.84000e+03  1.53061e-04
486   5.85000e+03  1.39235e-04
487   5.86000e+03  1.26368e-04
488   5.87000e+03  1.14417e-04
489   5.88000e+03  1.03338e-04
490   5.89000e+03  9.30859e-05
491   5.90000e+03  8.36193e-05
492   5.91000e+03  7.48937e-05
493   5.92000e+03  6.68704e-05
494   5.93000e+03  5.95118e-05
495   5.94000e+03  5.27799e-05
496   5.95000e+03  4.66376e-05
497   5.96000e+03  4.10493e-05
498   5.97000e+03  3.59804e-05
499   5.98000e+03  3.13975e-05
500   5.99000e+03  2.72682e-05
501   6.00000e+03  2.35613e-05
502   6.01000e+03  2.02468e-05
503   6.02000e+03  1.72958e-05
504   6.03000e+03  1.46806e-05
505   6.04000e+03  1.23745e-05
506   6.05000e+03  1.03521e-05
507   6.06000e+03  8.58879e-06
508   6.07000e+03  7.06143e-06
509   6.08000e+03  5.74785e-06
510   6.09000e+03  4.62700e-06
511   6.10000e+03  3.67894e-06
512   6.11000e+03  2.88486e-06
513   6.12000e+03  2.22703e-06
514   6.13000e+03  1.68884e-06
515   6.14000e+03  1.25476e-06
516   6.15000e+03  9.10340e-07
517   6.16000e+03  9.05941e-07
518   6.17000e+03  9.01551e-07
519   6.18000e+03  8.97175e-07
520   6.19000e+03  8.92808e-07
521   6.20000e+03  8.88460e-07
522   6.21000e+03  8.84206e-07
523   6.22000e+03  8.79969e-07
524   6.23000e+03  8.75747e-07
525   6.24000e+03  8.71542e-07
526   6.25000e+03  8.67355e-07
527   6.26000e+03  8.63181e-07
528   6.27000e+03  8.58894e-07
529   6.28000e+03  8.54573e-07
530   6.29000e+03  8.50251e-07
531   6.30000e+03  8.45920e-07
532   6.31000e+03  8.41579e-07
533   6.32000e+03  8.37224e-07
534   6.33000e+03  8.32931e-07
535   6.34000e+03  8.28763e-07
536   6.35000e+03  8.24608e-07
537   6.36000e+03  8.20461e-07
538   6.37000e+03  8.16327e-07
539   6.38000e+03  8.12203e-07
540   6.39000e+03  8.08090e-07
541   6.40000e+03  8.03982e-07
542   6.41000e+03  7.99885e-07
543   6.42000e+03  7.95798e-07
544   6.43000e+03  7.91720e-07
545   6.44000e+03  7.87652e-07
546   6.45000e+03  7.83592e-07
547   6.46000e+03  7.79537e-07
548   6.47000e+03  7.75476e-07
549   6.48000e+03  7.71425e-07
550   6.49000e+03  7.67380e-07
551   6.50000e+03  7.63344e-07
552   6.51000e+03  7.59314e-07
553   6.52000e+03  7.55292e-07
554   6.53000e+03  7.51352e-07
555   6.54000e+03  7.47542e-07
556   6.55000e+03  7.43747e-07
557   6.56000e+03  7.39969e-07
558   6.57000e+03  7.36204e-07
559   6.58000e+03  7.32455e-07
560   6.59000e+03  7.28721e-07
561   6.60000e+03  7.24907e-07
562   6.61000e+03  7.21003e-07
563   6.62000e+03  7.17107e-07
564   6.63000e+03  7.13216e-07
565   6.64000e+03  7.09332e-07
566   6.65000e+03  7.05451e-07
567   6.66000e+03  7.01577e-07
568   6.67000e+03  6.97708e-07
569   6.68000e+03  6.93842e-07
570   6.69000e+03  6.89982e-07
571   6.70000e+03  6.86125e-07
572   6.71000e+03  6.82272e-07
573   6.72000e+03  6.78420e-07
574   6.73000e+03  6.74572e-07
575   6.74000e+03  6.70723e-07
576   6.75000e+03  6.66871e-07
577   6.76000e+03  6.63020e-07
578   6.77000e+03  6.59170e-07
579   6.78000e+03  6.55321e-07
580   6.79000e+03  6.51473e-07
581   6.80000e+03  6.47624e-07
582   6.81000e+03  6.43776e-07
583   6.82000e+03  6.40274e-07
584   6.83000e+03  6.36872e-07
585   6.84000e+03  6.33485e-07
586   6.85000e+03  6.30111e-07
587   6.86000e+03  6.26753e-07
588   6.87000e+03  6.23409e-07
589   6.88000e+03  6.20079e-07
590   6.89000e+03  6.16762e-07
591   6.90000e+03  6.13460e-07
592   6.91000e+03  6.10171e-07
593   6.92000e+03  6.06897e-07
594   6.93000e+03  6.03636e-07
595   6.94000e+03  6.00389e-07
596   6.95000e+03  5.97156e-07
597   6.96000e+03  5.93938e-07
598   6.97000e+03  5.90529e-07
599   6.98000e+03  5.86920e-07
600   6.99000e+03  5.83311e-07
601   7.00000e+03  5.79703e-07
602   7.01000e+03  5.76096e-07
603   7.02000e+03  5.72488e-07
604   7.03000e+03  5.68880e-07
605   7.04000e+03  5.65271e-07
606   7.05000e+03  5.61667e-07
607   7.06000e+03  5.58071e-07
608   7.07000e+03  5.54472e-07
609   7.08000e+03  5.50871e-07
610   7.09000e+03  5.47266e-07
611   7.10000e+03  5.43659e-07
612   7.11000e+03  5.40049e-07
613   7.12000e+03  5.36433e-07
614   7.13000e+03  5.33066e-07
615   7.14000e+03  5.30084e-07
616   7.15000e+03  5.27116e-07
617   7.16000e+03  5.24161e-07
618   7.17000e+03  5.21220e-07
619   7.18000e+03  5.18293e-07
620   7.19000e+03  5.15378e-07
621   7.20000e+03  5.12476e-07
622   7.21000e+03  5.09468e-07
623   7.22000e+03  5.05985e-07
624   7.23000e+03  5.02499e-07
625   7.24000e+03  4.99011e-07
626   7.25000e+03  4.95517e-07
627   7.26000e+03  4.92021e-07
628   7.27000e+03  4.88518e-07
629   7.28000e+03  4.85011e-07
630   7.29000e+03  4.81499e-07
631   7.30000e+03  4.78515e-07
632   7.31000e+03  4.75770e-07
633   7.32000e+03  4.73036e-07
634   7.33000e+03  4.70317e-07
635   7.34000e+03  4.67609e-07
636   7.35000e+03  4.64914e-07
637   7.36000e+03  4.62232e-07
638   7.37000e+03  4.59562e-07
639   7.38000e+03  4.56904e-07
640   7.39000e+03  4.53547e-07
641   7.40000e+03  4.50186e-07
642   7.41000e+03  4.46820e-07
643   7.42000e+03  4.43449e-07
644   7.43000e+03  4.40074e-07
645   7.44000e+03  4.36693e-07
646   7.45000e+03  4.33306e-07
647   7.46000e+03  4.29913e-07
648   7.47000e+03  4.26603e-07
649   7.48000e+03  4.24097e-07
650   7.49000e+03  4.21603e-07
651   7.50000e+03  4.19122e-07
652   7.51000e+03  4.16651e-07
653   7.52000e+03  4.14193e-07
654   7.53000e+03  4.11747e-07
655   7.54000e+03  4.09312e-07
656   7.55000e+03  4.06889e-07
657   7.56000e+03  4.04477e-07
658   7.57000e+03  4.01233e-07
659   7.58000e+03  3.97984e-07
660   7.59000e+03  3.94732e-07
661   7.60000e+03  3.91473e-07
662   7.61000e+03  3.88209e-07
663   7.62000e+03  3.84939e-07
664   7.63000e+03  3.81663e-07
665   7.64000e+03  3.78381e-07
666   7.65000e+03  3.75091e-07
667   7.66000e+03  3.72516e-07
668   7.67000e+03  3.70258e-07
669   7.68000e+03  3.68011e-07
670   7.69000e+03  3.65775e-07
671   7.70000e+03  3.63550e-07
672   7.71000e+03  3.61336e-07
673   7.72000e+03  3.59134e-07
674   7.73000e+03  3.56942e-07
675   7.74000e+03  3.54761e-07
676   7.75000e+03  3.52498e-07
677   7.76000e+03  3.49407e-07
678   7.77000e+03  3.46311e-07
679   7.78000e+03  3.43211e-07
680   7.79000e+03  3.40105e-07
681   7.80000e+03  3.36993e-07
682   7.81000e+03  3.33875e-07
683   7.82000e+03  3.30752e-07
684   7.83000e+03  3.27622e-07
685   7.84000e+03  3.24485e-07
686   7.85000e+03  3.21682e-07
687   7.86000e+03  3.19677e-07
688   7.87000e+03  3.17684e-07
689   7.88000e+03  3.15700e-07
690   7.89000e+03  3.13725e-07
691   7.90000e+03  3.11761e-07
692   7.91000e+03  3.09808e-07
693   7.92000e+03  3.07864e-07
694   7.93000e+03  3.05931e-07
695   7.94000e+03  3.04007e-07
696   7.95000e+03  3.01887e-07
697   7.96000e+03  2.98947e-07
698   7.97000e+03  2.96002e-07
699   7.98000e+03  2.93052e-07
700   7.99000e+03  2.90097e-07
701   8.00000e+03  2.87137e-07
702   8.01000e+03  2.84171e-07
703   8.02000e+03  2.81200e-07
704   8.03000e+03  2.78223e-07
705   8.04000e+03  2.75240e-07
706   8.05000e+03  2.72250e-07
707   8.06000e+03  2.70374e-07
708   8.07000e+03  2.68631e-07
709   8.08000e+03  2.66897e-07
710   8.09000e+03  2.65172e-07
711   8.10000e+03  2.63456e-07
712   8.11000e+03  2.61750e-07
713   8.12000e+03  2.60052e-07
714   8.13000e+03  2.58364e-07
715   8.14000e+03  2.56685e-07
716   8.15000e+03  2.55014e-07
717   8.16000e+03  2.53020e-07
718   8.17000e+03  2.50250e-07
719   8.18000e+03  2.47477e-07
720   8.19000e+03  2.44700e-07
721   8.20000e+03  2.41918e-07
722   8.21000e+03  2.39133e-07
723   8.22000e+03  2.36343e-07
724   8.23000e+03  2.33549e-07
725   8.24000e+03  2.30749e-07
726   8.25000e+03  2.27945e-07
727   8.26000e+03  2.25135e-07
728   8.27000e+03  2.22695e-07
729   8.28000e+03  2.20825e-07
730   8.29000e+03  2.18965e-07
731   8.30000e+03  2.17116e-07
732   8.31000e+03  2.15277e-07
733   8.32000e+03  2.13447e-07
734   8.33000e+03  2.11629e-07
735   8.34000e+03  2.09820e-07
736   8.35000e+03  2.08022e-07
737   8.36000e+03  2.06233e-07
738   8.37000e+03  2.04455e-07
739   8.38000e+03  2.02687e-07
740   8.39000e+03  2.00928e-07
741   8.40000e+03  1.99180e-07
742   8.41000e+03  1.97442e-07
743   8.42000e+03  1.95714e-07
744   8.43000e+03  1.93995e-07
745   8.44000e+03  1.92287e-07
746   8.45000e+03  1.90588e-07
747   8.46000e+03  1.88899e-07
748   8.47000e+03  1.87220e-07
749   8.48000e+03  1.85550e-07
750   8.49000e+03  1.83891e-07
751   8.50000e+03  1.82240e-07
752   8.51000e+03  1.80600e-07
753   8.52000e+03  1.78969e-07
754   8.53000e+03  1.77348e-07
755   8.54000e+03  1.75736e-07
756   8.55000e+03  1.74133e-07
757   8.56000e+03  1.72541e-07
758   8.57000e+03  1.70958e-07
759   8.58000e+03  1.69384e-07
760   8.59000e+03  1.67819e-07
761   8.60000e+03  1.66263e-07
762   8.61000e+03  1.64717e-07
763   8.62000e+03  1.63181e-07
764   8.63000e+03  1.61654e-07
765   8.64000e+03  1.60135e-07
766   8.65000e+03  1.58626e-07
767   8.66000e+03  1.57127e-07
768   8.67000e+03  1.55636e-07
769   8.68000e+03  1.54154e-07
770   8.69000e+03  1.52681e-07
771   8.70000e+03  1.51218e-07
772   8.71000e+03  1.49763e-07
773   8.72000e+03  1.48317e-07
774   8.73000e+03  1.46880e-07
775   8.74000e+03  1.45453e-07
776   8.75000e+03  1.44034e-07
777   8.76000e+03  1.42623e-07
778   8.77000e+03  1.41222e-07
779   8.78000e+03  1.39829e-07
780   8.79000e+03  1.38445e-07
781   8.80000e+03  1.37070e-07
782   8.81000e+03  1.35703e-07
783   8.82000e+03  1.34346e-07
784   8.83000e+03  1.32996e-07
785   8.84000e+03  1.31656e-07
786   8.85000e+03  1.30323e-07
787   8.86000e+03  1.28999e-07
788   8.87000e+03  1.27684e-07
789   8.88000e+03  1.26377e-07
790   8.89000e+03  1.25079e-07
791   8.90000e+03  1.23789e-07
792   8.91000e+03  1.22507e-07
793   8.92000e+03  1.21234e-07
794   8.93000e+03  1.19969e-07
795   8.94000e+03  1.18712e-07
796   8.95000e+03  1.17463e-07
797   8.96000e+03  1.16222e-07
798   8.97000e+03  1.14990e-07
799   8.98000e+03  1.13766e-07
800   8.99000e+03  1.12550e-07
801   9.00000e+03  1.11342e-07
802   9.01000e+03  1.10141e-07
803   9.02000e+03  1.08950e-07
804   9.03000e+03  1.07765e-07
805   9.04000e+03  1.06589e-07
806   9.05000e+03  1.05421e-07
807   9.06000e+03  1.04260e-07
808   9.07000e+03  1.03108e-07
809   9.08000e+03  1.01962e-07
810   9.09000e+03  1.00826e-07
811   9.10000e+03  9.96961e-08
812   9.11000e+03  9.85745e-08
813   9.12000e+03  9.74605e-08
814   9.13000e+03  9.63543e-08
815   9.14000e+03  9.52555e-08
816   9.15000e+03  9.41641e-08
817   9.16000e+03  9.30806e-08
818   9.17000e+03  9.20044e-08
819   9.18000e+03  9.09357e-08
820   9.19000e+03  8.98747e-08
821   9.20000e+03  8.88208e-08
822   9.21000e+03  8.77744e-08
823   9.22000e+03  8.67354e-08
824   9.23000e+03  8.57037e-08
825   9.24000e+03  8.46792e-08
826   9.25000e+03  8.36621e-08
827   9.26000e+03  8.26519e-08
828   9.27000e+03  8.16494e-08
829   9.28000e+03  8.06537e-08
830   9.29000e+03  7.96652e-08
831   9.30000e+03  7.86838e-08
832   9.31000e+03  7.77094e-08
833   9.32000e+03  7.67421e-08
834   9.33000e+03  7.57819e-08
835   9.34000e+03  7.48286e-08
836   9.35000e+03  7.38821e-08
837   9.36000e+03  7.29428e-08
838   9.37000e+03  7.20102e-08
839   9.38000e+03  7.10847e-08
840   9.39000e+03  7.01657e-08
841   9.40000e+03  6.92534e-08
842   9.41000e+03  6.83481e-08
843   9.42000e+03  6.74495e-08
844   9.43000e+03  6.65573e-08
845   9.44000e+03  6.56723e-08
846   9.45000e+03  6.47936e-08
847   9.46000e+03  6.39215e-08
848   9.47000e+03  6.30561e-08
849   9.48000e+03  6.21971e-08
850   9.49000e+03  6.13448e-08
851   9.50000e+03  6.04988e-08
852   9.51000e+03  5.96591e-08
853   9.52000e+03  5.88260e-08
854   9.53000e+03  5.79994e-08
855   9.54000e+03  5.71791e-08
856   9.55000e+03  5.63650e-08
857   9.56000e+03  5.55572e-08
858   9.57000e+03  5.47557e-08
859   9.58000e+03  5.39605e-08
860   9.59000e+03  5.31714e-08
861   9.60000e+03  5.23885e-08
862   9.61000e+03  5.16119e-08
863   9.62000e+03  5.08413e-08
864   9.63000e+03  5.00766e-08
865   9.64000e+03  4.93182e-08
866   9.65000e+03  4.85658e-08
867   9.66000e+03  4.78193e-08
868   9.67000e+03  4.70787e-08
869   9.68000e+03  4.63442e-08
870   9.69000e+03  4.56155e-08
871   9.70000e+03  4.48926e-08
872   9.71000e+03  4.41757e-08
873   9.72000e+03  4.34645e-08
874   9.73000e+03  4.27591e-08
875   9.74000e+03  4.20595e-08
876   9.75000e+03  4.13657e-08
877   9.76000e+03  4.06773e-08
878   9.77000e+03  3.99948e-08
879   9.78000e+03  3.93180e-08
880   9.79000e+03  3.86466e-08
881   9.80000e+03  3.79808e-08
882   9.81000e+03  3.73206e-08
883   9.82000e+03  3.66660e-08
884   9.83000e+03  3.60167e-08
885   9.84000e+03  3.53730e-08
886   9.85000e+03  3.47348e-08
887   9.86000e+03  3.41019e-08
888   9.87000e+03  3.34742e-08
889   9.88000e+03  3.28521e-08
890   9.89000e+03  3.22351e-08
891   9.90000e+03  3.16235e-08
892   9.91000e+03  3.10172e-08
893   9.92000e+03  3.04161e-08
894   9.93000e+03  2.98200e-08
895   9.94000e+03  2.92294e-08
896   9.95000e+03  2.86438e-08
897   9.96000e+03  2.80632e-08
898   9.97000e+03  2.74879e-08
899   9.98000e+03  2.69175e-08
900   9.99000e+03  2.63521e-08
901   1.00000e+04  2.57918e-08
902   1.00100e+04  2.53914e-08
903   1.00200e+04  2.49954e-08
904   1.00300e+04  2.46039e-08
905   1.00400e+04  2.42167e-08
906   1.00500e+04  2.38339e-08
907   1.00600e+04  2.34554e-08
908   1.00700e+04  2.30812e-08
909   1.00800e+04  2.27112e-08
910   1.00900e+04  2.23454e-08
911   1.01000e+04  2.19838e-08
912   1.01100e+04  2.16263e-08
913   1.01200e+04  2.12729e-08
914   1.01300e+04  2.09236e-08
915   1.01400e+04  2.05783e-08
916   1.01500e+04  2.02370e-08
917   1.01600e+04  1.98997e-08
918   1.01700e+04  1.95663e-08
919   1.01800e+04  1.92368e-08
920   1.01900e+04  1.89111e-08
921   1.02000e+04  1.85893e-08
922   1.02100e+04  1.82712e-08
923   1.02200e+04  1.79570e-08
924   1.02300e+04  1.76464e-08
925   1.02400e+04  1.73396e-08
926   1.02500e+04  1.70364e-08
927   1.02600e+04  1.67368e-08
928   1.02700e+04  1.64409e-08
929   1.02800e+04  1.61485e-08
930   1.02900e+04  1.58596e-08
931   1.03000e+04  1.55743e-08
932   1.03100e+04  1.52924e-08
933   1.03200e+04  1.50140e-08
934   1.03300e+04  1.47390e-08
935   1.03400e+04  1.44674e-08
936   1.03500e+04  1.41991e-08
937   1.03600e+04  1.39342e-08
938   1.03700e+04  1.36726e-08
939   1.03800e+04  1.34142e-08
940   1.03900e+04  1.31590e-08
941   1.04000e+04  1.29071e-08
942   1.04100e+04  1.26583e-08
943   1.04200e+04  1.24127e-08
944   1.04300e+04  1.21702e-08
945   1.04400e+04  1.19308e-08
946   1.04500e+04  1.16945e-08
947   1.04600e+04  1.14612e-08
948   1.04700e+04  1.12309e-08
949   1.04800e+04  1.10035e-08
950   1.04900e+04  1.07792e-08
951   1.05000e+04  1.05577e-08
952   1.05100e+04  1.03392e-08
953   1.05200e+04  1.01235e-08
954   1.05300e+04  9.91066e-09
955   1.05400e+04  9.70064e-09
956   1.05500e+04  9.49341e-09
957   1.05600e+04  9.28894e-09
958   1.05700e+04  9.08721e-09
959   1.05800e+04  8.88819e-09
960   1.05900e+04  8.69186e-09
961   1.06000e+04  8.49818e-09
962   1.06100e+04  8.30714e-09
963   1.06200e+04  8.11871e-09
964   1.06300e+04  7.93286e-09
965   1.06400e+04  7.74957e-09
966   1.06500e+04  7.56881e-09
967   1.06600e+04  7.39057e-09
968   1.06700e+04  7.21481e-09
969   1.06800e+04  7.04150e-09
970   1.06900e+04  6.87064e-09
971   1.07000e+04  6.70219e-09
972   1.07100e+04  6.53613e-09
973   1.07200e+04  6.37243e-09
974   1.07300e+04  6.21107e-09
975   1.07400e+04  6.05203e-09
976   1.07500e+04  5.89529e-09
977   1.07600e+04  5.74082e-09
978   1.07700e+04  5.58860e-09
979   1.07800e+04  5.43860e-09
980   1.07900e+04  5.29081e-09
981   1.08000e+04  5.14521e-09
982   1.08100e+04  5.00176e-09
983   1.08200e+04  4.86045e-09
984   1.08300e+04  4.72125e-09
985   1.08400e+04  4.58415e-09
986   1.08500e+04  4.44912e-09
987   1.08600e+04  4.31614e-09
988   1.08700e+04  4.18519e-09
989   1.08800e+04  4.05626e-09
990   1.08900e+04  3.92930e-09
991   1.09000e+04  3.80432e-09
992   1.09100e+04  3.68128e-09
993   1.09200e+04  3.56017e-09
994   1.09300e+04  3.44096e-09
995   1.09400e+04  3.32364e-09
996   1.09500e+04  3.20818e-09
997   1.09600e+04  3.09457e-09
998   1.09700e+04  2.98279e-09
999   1.09800e+04  2.87281e-09
1000  1.09900e+04  2.76461e-09
1001  1.10000e+04  2.65819e-09
