   2200 roman_f129
1     4.00000e+03  0.00000e+00
2     4.01000e+03  0.00000e+00
3     4.02000e+03  0.00000e+00
4     4.03000e+03  0.00000e+00
5     4.04000e+03  0.00000e+00
6     4.05000e+03  0.00000e+00
7     4.06000e+03  0.00000e+00
8     4.07000e+03  0.00000e+00
9     4.08000e+03  0.00000e+00
10    4.09000e+03  0.00000e+00
11    4.10000e+03  0.00000e+00
12    4.11000e+03  0.00000e+00
13    4.12000e+03  0.00000e+00
14    4.13000e+03  0.00000e+00
15    4.14000e+03  0.00000e+00
16    4.15000e+03  0.00000e+00
17    4.16000e+03  0.00000e+00
18    4.17000e+03  0.00000e+00
19    4.18000e+03  0.00000e+00
20    4.19000e+03  0.00000e+00
21    4.20000e+03  0.00000e+00
22    4.21000e+03  0.00000e+00
23    4.22000e+03  0.00000e+00
24    4.23000e+03  0.00000e+00
25    4.24000e+03  0.00000e+00
26    4.25000e+03  0.00000e+00
27    4.26000e+03  0.00000e+00
28    4.27000e+03  0.00000e+00
29    4.28000e+03  0.00000e+00
30    4.29000e+03  0.00000e+00
31    4.30000e+03  0.00000e+00
32    4.31000e+03  0.00000e+00
33    4.32000e+03  0.00000e+00
34    4.33000e+03  0.00000e+00
35    4.34000e+03  0.00000e+00
36    4.35000e+03  0.00000e+00
37    4.36000e+03  0.00000e+00
38    4.37000e+03  0.00000e+00
39    4.38000e+03  0.00000e+00
40    4.39000e+03  0.00000e+00
41    4.40000e+03  0.00000e+00
42    4.41000e+03  0.00000e+00
43    4.42000e+03  0.00000e+00
44    4.43000e+03  0.00000e+00
45    4.44000e+03  0.00000e+00
46    4.45000e+03  0.00000e+00
47    4.46000e+03  0.00000e+00
48    4.47000e+03  0.00000e+00
49    4.48000e+03  0.00000e+00
50    4.49000e+03  0.00000e+00
51    4.50000e+03  0.00000e+00
52    4.51000e+03  0.00000e+00
53    4.52000e+03  0.00000e+00
54    4.53000e+03  0.00000e+00
55    4.54000e+03  0.00000e+00
56    4.55000e+03  0.00000e+00
57    4.56000e+03  0.00000e+00
58    4.57000e+03  0.00000e+00
59    4.58000e+03  0.00000e+00
60    4.59000e+03  0.00000e+00
61    4.60000e+03  0.00000e+00
62    4.61000e+03  0.00000e+00
63    4.62000e+03  0.00000e+00
64    4.63000e+03  0.00000e+00
65    4.64000e+03  0.00000e+00
66    4.65000e+03  0.00000e+00
67    4.66000e+03  0.00000e+00
68    4.67000e+03  0.00000e+00
69    4.68000e+03  0.00000e+00
70    4.69000e+03  0.00000e+00
71    4.70000e+03  0.00000e+00
72    4.71000e+03  0.00000e+00
73    4.72000e+03  0.00000e+00
74    4.73000e+03  0.00000e+00
75    4.74000e+03  0.00000e+00
76    4.75000e+03  0.00000e+00
77    4.76000e+03  0.00000e+00
78    4.77000e+03  0.00000e+00
79    4.78000e+03  0.00000e+00
80    4.79000e+03  0.00000e+00
81    4.80000e+03  0.00000e+00
82    4.81000e+03  0.00000e+00
83    4.82000e+03  0.00000e+00
84    4.83000e+03  0.00000e+00
85    4.84000e+03  0.00000e+00
86    4.85000e+03  0.00000e+00
87    4.86000e+03  0.00000e+00
88    4.87000e+03  0.00000e+00
89    4.88000e+03  0.00000e+00
90    4.89000e+03  0.00000e+00
91    4.90000e+03  0.00000e+00
92    4.91000e+03  0.00000e+00
93    4.92000e+03  0.00000e+00
94    4.93000e+03  0.00000e+00
95    4.94000e+03  0.00000e+00
96    4.95000e+03  0.00000e+00
97    4.96000e+03  0.00000e+00
98    4.97000e+03  0.00000e+00
99    4.98000e+03  0.00000e+00
100   4.99000e+03  0.00000e+00
101   5.00000e+03  0.00000e+00
102   5.01000e+03  0.00000e+00
103   5.02000e+03  0.00000e+00
104   5.03000e+03  0.00000e+00
105   5.04000e+03  0.00000e+00
106   5.05000e+03  0.00000e+00
107   5.06000e+03  0.00000e+00
108   5.07000e+03  0.00000e+00
109   5.08000e+03  0.00000e+00
110   5.09000e+03  0.00000e+00
111   5.10000e+03  0.00000e+00
112   5.11000e+03  0.00000e+00
113   5.12000e+03  0.00000e+00
114   5.13000e+03  0.00000e+00
115   5.14000e+03  0.00000e+00
116   5.15000e+03  0.00000e+00
117   5.16000e+03  0.00000e+00
118   5.17000e+03  0.00000e+00
119   5.18000e+03  0.00000e+00
120   5.19000e+03  0.00000e+00
121   5.20000e+03  0.00000e+00
122   5.21000e+03  0.00000e+00
123   5.22000e+03  0.00000e+00
124   5.23000e+03  0.00000e+00
125   5.24000e+03  0.00000e+00
126   5.25000e+03  0.00000e+00
127   5.26000e+03  0.00000e+00
128   5.27000e+03  0.00000e+00
129   5.28000e+03  0.00000e+00
130   5.29000e+03  0.00000e+00
131   5.30000e+03  0.00000e+00
132   5.31000e+03  0.00000e+00
133   5.32000e+03  0.00000e+00
134   5.33000e+03  0.00000e+00
135   5.34000e+03  0.00000e+00
136   5.35000e+03  0.00000e+00
137   5.36000e+03  0.00000e+00
138   5.37000e+03  0.00000e+00
139   5.38000e+03  0.00000e+00
140   5.39000e+03  0.00000e+00
141   5.40000e+03  0.00000e+00
142   5.41000e+03  0.00000e+00
143   5.42000e+03  0.00000e+00
144   5.43000e+03  0.00000e+00
145   5.44000e+03  0.00000e+00
146   5.45000e+03  0.00000e+00
147   5.46000e+03  0.00000e+00
148   5.47000e+03  0.00000e+00
149   5.48000e+03  0.00000e+00
150   5.49000e+03  0.00000e+00
151   5.50000e+03  0.00000e+00
152   5.51000e+03  0.00000e+00
153   5.52000e+03  0.00000e+00
154   5.53000e+03  0.00000e+00
155   5.54000e+03  0.00000e+00
156   5.55000e+03  0.00000e+00
157   5.56000e+03  0.00000e+00
158   5.57000e+03  0.00000e+00
159   5.58000e+03  0.00000e+00
160   5.59000e+03  0.00000e+00
161   5.60000e+03  0.00000e+00
162   5.61000e+03  0.00000e+00
163   5.62000e+03  0.00000e+00
164   5.63000e+03  0.00000e+00
165   5.64000e+03  0.00000e+00
166   5.65000e+03  0.00000e+00
167   5.66000e+03  0.00000e+00
168   5.67000e+03  0.00000e+00
169   5.68000e+03  0.00000e+00
170   5.69000e+03  0.00000e+00
171   5.70000e+03  0.00000e+00
172   5.71000e+03  0.00000e+00
173   5.72000e+03  0.00000e+00
174   5.73000e+03  0.00000e+00
175   5.74000e+03  0.00000e+00
176   5.75000e+03  0.00000e+00
177   5.76000e+03  0.00000e+00
178   5.77000e+03  0.00000e+00
179   5.78000e+03  0.00000e+00
180   5.79000e+03  0.00000e+00
181   5.80000e+03  0.00000e+00
182   5.81000e+03  0.00000e+00
183   5.82000e+03  0.00000e+00
184   5.83000e+03  0.00000e+00
185   5.84000e+03  0.00000e+00
186   5.85000e+03  0.00000e+00
187   5.86000e+03  0.00000e+00
188   5.87000e+03  0.00000e+00
189   5.88000e+03  0.00000e+00
190   5.89000e+03  0.00000e+00
191   5.90000e+03  0.00000e+00
192   5.91000e+03  0.00000e+00
193   5.92000e+03  0.00000e+00
194   5.93000e+03  0.00000e+00
195   5.94000e+03  0.00000e+00
196   5.95000e+03  0.00000e+00
197   5.96000e+03  0.00000e+00
198   5.97000e+03  0.00000e+00
199   5.98000e+03  0.00000e+00
200   5.99000e+03  0.00000e+00
201   6.00000e+03  0.00000e+00
202   6.01000e+03  0.00000e+00
203   6.02000e+03  0.00000e+00
204   6.03000e+03  0.00000e+00
205   6.04000e+03  0.00000e+00
206   6.05000e+03  0.00000e+00
207   6.06000e+03  0.00000e+00
208   6.07000e+03  0.00000e+00
209   6.08000e+03  0.00000e+00
210   6.09000e+03  0.00000e+00
211   6.10000e+03  0.00000e+00
212   6.11000e+03  0.00000e+00
213   6.12000e+03  0.00000e+00
214   6.13000e+03  0.00000e+00
215   6.14000e+03  0.00000e+00
216   6.15000e+03  0.00000e+00
217   6.16000e+03  0.00000e+00
218   6.17000e+03  0.00000e+00
219   6.18000e+03  0.00000e+00
220   6.19000e+03  0.00000e+00
221   6.20000e+03  0.00000e+00
222   6.21000e+03  0.00000e+00
223   6.22000e+03  0.00000e+00
224   6.23000e+03  0.00000e+00
225   6.24000e+03  0.00000e+00
226   6.25000e+03  0.00000e+00
227   6.26000e+03  0.00000e+00
228   6.27000e+03  0.00000e+00
229   6.28000e+03  0.00000e+00
230   6.29000e+03  0.00000e+00
231   6.30000e+03  0.00000e+00
232   6.31000e+03  0.00000e+00
233   6.32000e+03  0.00000e+00
234   6.33000e+03  0.00000e+00
235   6.34000e+03  0.00000e+00
236   6.35000e+03  0.00000e+00
237   6.36000e+03  0.00000e+00
238   6.37000e+03  0.00000e+00
239   6.38000e+03  0.00000e+00
240   6.39000e+03  0.00000e+00
241   6.40000e+03  0.00000e+00
242   6.41000e+03  0.00000e+00
243   6.42000e+03  0.00000e+00
244   6.43000e+03  0.00000e+00
245   6.44000e+03  0.00000e+00
246   6.45000e+03  0.00000e+00
247   6.46000e+03  0.00000e+00
248   6.47000e+03  0.00000e+00
249   6.48000e+03  0.00000e+00
250   6.49000e+03  0.00000e+00
251   6.50000e+03  0.00000e+00
252   6.51000e+03  0.00000e+00
253   6.52000e+03  0.00000e+00
254   6.53000e+03  0.00000e+00
255   6.54000e+03  0.00000e+00
256   6.55000e+03  0.00000e+00
257   6.56000e+03  0.00000e+00
258   6.57000e+03  0.00000e+00
259   6.58000e+03  0.00000e+00
260   6.59000e+03  0.00000e+00
261   6.60000e+03  0.00000e+00
262   6.61000e+03  0.00000e+00
263   6.62000e+03  0.00000e+00
264   6.63000e+03  0.00000e+00
265   6.64000e+03  0.00000e+00
266   6.65000e+03  0.00000e+00
267   6.66000e+03  0.00000e+00
268   6.67000e+03  0.00000e+00
269   6.68000e+03  0.00000e+00
270   6.69000e+03  0.00000e+00
271   6.70000e+03  0.00000e+00
272   6.71000e+03  0.00000e+00
273   6.72000e+03  0.00000e+00
274   6.73000e+03  0.00000e+00
275   6.74000e+03  0.00000e+00
276   6.75000e+03  0.00000e+00
277   6.76000e+03  0.00000e+00
278   6.77000e+03  0.00000e+00
279   6.78000e+03  0.00000e+00
280   6.79000e+03  0.00000e+00
281   6.80000e+03  0.00000e+00
282   6.81000e+03  0.00000e+00
283   6.82000e+03  0.00000e+00
284   6.83000e+03  0.00000e+00
285   6.84000e+03  0.00000e+00
286   6.85000e+03  0.00000e+00
287   6.86000e+03  0.00000e+00
288   6.87000e+03  0.00000e+00
289   6.88000e+03  0.00000e+00
290   6.89000e+03  0.00000e+00
291   6.90000e+03  0.00000e+00
292   6.91000e+03  0.00000e+00
293   6.92000e+03  0.00000e+00
294   6.93000e+03  0.00000e+00
295   6.94000e+03  0.00000e+00
296   6.95000e+03  0.00000e+00
297   6.96000e+03  0.00000e+00
298   6.97000e+03  0.00000e+00
299   6.98000e+03  0.00000e+00
300   6.99000e+03  0.00000e+00
301   7.00000e+03  0.00000e+00
302   7.01000e+03  0.00000e+00
303   7.02000e+03  0.00000e+00
304   7.03000e+03  0.00000e+00
305   7.04000e+03  0.00000e+00
306   7.05000e+03  0.00000e+00
307   7.06000e+03  0.00000e+00
308   7.07000e+03  0.00000e+00
309   7.08000e+03  0.00000e+00
310   7.09000e+03  0.00000e+00
311   7.10000e+03  0.00000e+00
312   7.11000e+03  0.00000e+00
313   7.12000e+03  0.00000e+00
314   7.13000e+03  0.00000e+00
315   7.14000e+03  0.00000e+00
316   7.15000e+03  0.00000e+00
317   7.16000e+03  0.00000e+00
318   7.17000e+03  0.00000e+00
319   7.18000e+03  0.00000e+00
320   7.19000e+03  0.00000e+00
321   7.20000e+03  0.00000e+00
322   7.21000e+03  0.00000e+00
323   7.22000e+03  0.00000e+00
324   7.23000e+03  0.00000e+00
325   7.24000e+03  0.00000e+00
326   7.25000e+03  0.00000e+00
327   7.26000e+03  0.00000e+00
328   7.27000e+03  0.00000e+00
329   7.28000e+03  0.00000e+00
330   7.29000e+03  0.00000e+00
331   7.30000e+03  0.00000e+00
332   7.31000e+03  0.00000e+00
333   7.32000e+03  0.00000e+00
334   7.33000e+03  0.00000e+00
335   7.34000e+03  0.00000e+00
336   7.35000e+03  0.00000e+00
337   7.36000e+03  0.00000e+00
338   7.37000e+03  0.00000e+00
339   7.38000e+03  0.00000e+00
340   7.39000e+03  0.00000e+00
341   7.40000e+03  0.00000e+00
342   7.41000e+03  0.00000e+00
343   7.42000e+03  0.00000e+00
344   7.43000e+03  0.00000e+00
345   7.44000e+03  0.00000e+00
346   7.45000e+03  0.00000e+00
347   7.46000e+03  0.00000e+00
348   7.47000e+03  0.00000e+00
349   7.48000e+03  0.00000e+00
350   7.49000e+03  0.00000e+00
351   7.50000e+03  0.00000e+00
352   7.51000e+03  0.00000e+00
353   7.52000e+03  0.00000e+00
354   7.53000e+03  0.00000e+00
355   7.54000e+03  0.00000e+00
356   7.55000e+03  0.00000e+00
357   7.56000e+03  0.00000e+00
358   7.57000e+03  0.00000e+00
359   7.58000e+03  0.00000e+00
360   7.59000e+03  0.00000e+00
361   7.60000e+03  0.00000e+00
362   7.61000e+03  0.00000e+00
363   7.62000e+03  0.00000e+00
364   7.63000e+03  0.00000e+00
365   7.64000e+03  0.00000e+00
366   7.65000e+03  0.00000e+00
367   7.66000e+03  0.00000e+00
368   7.67000e+03  0.00000e+00
369   7.68000e+03  0.00000e+00
370   7.69000e+03  0.00000e+00
371   7.70000e+03  0.00000e+00
372   7.71000e+03  0.00000e+00
373   7.72000e+03  0.00000e+00
374   7.73000e+03  0.00000e+00
375   7.74000e+03  0.00000e+00
376   7.75000e+03  0.00000e+00
377   7.76000e+03  0.00000e+00
378   7.77000e+03  0.00000e+00
379   7.78000e+03  0.00000e+00
380   7.79000e+03  0.00000e+00
381   7.80000e+03  0.00000e+00
382   7.81000e+03  0.00000e+00
383   7.82000e+03  0.00000e+00
384   7.83000e+03  0.00000e+00
385   7.84000e+03  0.00000e+00
386   7.85000e+03  0.00000e+00
387   7.86000e+03  0.00000e+00
388   7.87000e+03  0.00000e+00
389   7.88000e+03  0.00000e+00
390   7.89000e+03  0.00000e+00
391   7.90000e+03  0.00000e+00
392   7.91000e+03  0.00000e+00
393   7.92000e+03  0.00000e+00
394   7.93000e+03  0.00000e+00
395   7.94000e+03  0.00000e+00
396   7.95000e+03  0.00000e+00
397   7.96000e+03  0.00000e+00
398   7.97000e+03  0.00000e+00
399   7.98000e+03  0.00000e+00
400   7.99000e+03  0.00000e+00
401   8.00000e+03  0.00000e+00
402   8.01000e+03  0.00000e+00
403   8.02000e+03  0.00000e+00
404   8.03000e+03  0.00000e+00
405   8.04000e+03  0.00000e+00
406   8.05000e+03  0.00000e+00
407   8.06000e+03  0.00000e+00
408   8.07000e+03  0.00000e+00
409   8.08000e+03  0.00000e+00
410   8.09000e+03  0.00000e+00
411   8.10000e+03  0.00000e+00
412   8.11000e+03  0.00000e+00
413   8.12000e+03  0.00000e+00
414   8.13000e+03  0.00000e+00
415   8.14000e+03  0.00000e+00
416   8.15000e+03  0.00000e+00
417   8.16000e+03  0.00000e+00
418   8.17000e+03  0.00000e+00
419   8.18000e+03  0.00000e+00
420   8.19000e+03  0.00000e+00
421   8.20000e+03  0.00000e+00
422   8.21000e+03  0.00000e+00
423   8.22000e+03  0.00000e+00
424   8.23000e+03  0.00000e+00
425   8.24000e+03  0.00000e+00
426   8.25000e+03  0.00000e+00
427   8.26000e+03  0.00000e+00
428   8.27000e+03  0.00000e+00
429   8.28000e+03  0.00000e+00
430   8.29000e+03  0.00000e+00
431   8.30000e+03  0.00000e+00
432   8.31000e+03  0.00000e+00
433   8.32000e+03  0.00000e+00
434   8.33000e+03  0.00000e+00
435   8.34000e+03  0.00000e+00
436   8.35000e+03  0.00000e+00
437   8.36000e+03  0.00000e+00
438   8.37000e+03  0.00000e+00
439   8.38000e+03  0.00000e+00
440   8.39000e+03  0.00000e+00
441   8.40000e+03  0.00000e+00
442   8.41000e+03  0.00000e+00
443   8.42000e+03  0.00000e+00
444   8.43000e+03  0.00000e+00
445   8.44000e+03  0.00000e+00
446   8.45000e+03  0.00000e+00
447   8.46000e+03  0.00000e+00
448   8.47000e+03  0.00000e+00
449   8.48000e+03  0.00000e+00
450   8.49000e+03  0.00000e+00
451   8.50000e+03  0.00000e+00
452   8.51000e+03  0.00000e+00
453   8.52000e+03  0.00000e+00
454   8.53000e+03  0.00000e+00
455   8.54000e+03  0.00000e+00
456   8.55000e+03  0.00000e+00
457   8.56000e+03  0.00000e+00
458   8.57000e+03  0.00000e+00
459   8.58000e+03  0.00000e+00
460   8.59000e+03  0.00000e+00
461   8.60000e+03  0.00000e+00
462   8.61000e+03  0.00000e+00
463   8.62000e+03  0.00000e+00
464   8.63000e+03  0.00000e+00
465   8.64000e+03  0.00000e+00
466   8.65000e+03  0.00000e+00
467   8.66000e+03  0.00000e+00
468   8.67000e+03  0.00000e+00
469   8.68000e+03  0.00000e+00
470   8.69000e+03  0.00000e+00
471   8.70000e+03  0.00000e+00
472   8.71000e+03  0.00000e+00
473   8.72000e+03  0.00000e+00
474   8.73000e+03  0.00000e+00
475   8.74000e+03  0.00000e+00
476   8.75000e+03  0.00000e+00
477   8.76000e+03  0.00000e+00
478   8.77000e+03  0.00000e+00
479   8.78000e+03  0.00000e+00
480   8.79000e+03  0.00000e+00
481   8.80000e+03  0.00000e+00
482   8.81000e+03  0.00000e+00
483   8.82000e+03  0.00000e+00
484   8.83000e+03  0.00000e+00
485   8.84000e+03  0.00000e+00
486   8.85000e+03  0.00000e+00
487   8.86000e+03  0.00000e+00
488   8.87000e+03  0.00000e+00
489   8.88000e+03  0.00000e+00
490   8.89000e+03  0.00000e+00
491   8.90000e+03  0.00000e+00
492   8.91000e+03  0.00000e+00
493   8.92000e+03  0.00000e+00
494   8.93000e+03  0.00000e+00
495   8.94000e+03  0.00000e+00
496   8.95000e+03  0.00000e+00
497   8.96000e+03  0.00000e+00
498   8.97000e+03  0.00000e+00
499   8.98000e+03  0.00000e+00
500   8.99000e+03  0.00000e+00
501   9.00000e+03  0.00000e+00
502   9.01000e+03  0.00000e+00
503   9.02000e+03  0.00000e+00
504   9.03000e+03  0.00000e+00
505   9.04000e+03  0.00000e+00
506   9.05000e+03  0.00000e+00
507   9.06000e+03  0.00000e+00
508   9.07000e+03  0.00000e+00
509   9.08000e+03  0.00000e+00
510   9.09000e+03  0.00000e+00
511   9.10000e+03  0.00000e+00
512   9.11000e+03  0.00000e+00
513   9.12000e+03  0.00000e+00
514   9.13000e+03  0.00000e+00
515   9.14000e+03  0.00000e+00
516   9.15000e+03  0.00000e+00
517   9.16000e+03  0.00000e+00
518   9.17000e+03  0.00000e+00
519   9.18000e+03  0.00000e+00
520   9.19000e+03  0.00000e+00
521   9.20000e+03  0.00000e+00
522   9.21000e+03  0.00000e+00
523   9.22000e+03  0.00000e+00
524   9.23000e+03  0.00000e+00
525   9.24000e+03  0.00000e+00
526   9.25000e+03  0.00000e+00
527   9.26000e+03  0.00000e+00
528   9.27000e+03  0.00000e+00
529   9.28000e+03  0.00000e+00
530   9.29000e+03  0.00000e+00
531   9.30000e+03  0.00000e+00
532   9.31000e+03  0.00000e+00
533   9.32000e+03  0.00000e+00
534   9.33000e+03  0.00000e+00
535   9.34000e+03  0.00000e+00
536   9.35000e+03  0.00000e+00
537   9.36000e+03  0.00000e+00
538   9.37000e+03  0.00000e+00
539   9.38000e+03  0.00000e+00
540   9.39000e+03  0.00000e+00
541   9.40000e+03  0.00000e+00
542   9.41000e+03  0.00000e+00
543   9.42000e+03  0.00000e+00
544   9.43000e+03  0.00000e+00
545   9.44000e+03  0.00000e+00
546   9.45000e+03  0.00000e+00
547   9.46000e+03  0.00000e+00
548   9.47000e+03  0.00000e+00
549   9.48000e+03  0.00000e+00
550   9.49000e+03  0.00000e+00
551   9.50000e+03  0.00000e+00
552   9.51000e+03  0.00000e+00
553   9.52000e+03  0.00000e+00
554   9.53000e+03  0.00000e+00
555   9.54000e+03  0.00000e+00
556   9.55000e+03  0.00000e+00
557   9.56000e+03  0.00000e+00
558   9.57000e+03  0.00000e+00
559   9.58000e+03  0.00000e+00
560   9.59000e+03  0.00000e+00
561   9.60000e+03  0.00000e+00
562   9.61000e+03  0.00000e+00
563   9.62000e+03  0.00000e+00
564   9.63000e+03  0.00000e+00
565   9.64000e+03  0.00000e+00
566   9.65000e+03  0.00000e+00
567   9.66000e+03  0.00000e+00
568   9.67000e+03  0.00000e+00
569   9.68000e+03  0.00000e+00
570   9.69000e+03  0.00000e+00
571   9.70000e+03  0.00000e+00
572   9.71000e+03  0.00000e+00
573   9.72000e+03  0.00000e+00
574   9.73000e+03  0.00000e+00
575   9.74000e+03  0.00000e+00
576   9.75000e+03  0.00000e+00
577   9.76000e+03  0.00000e+00
578   9.77000e+03  0.00000e+00
579   9.78000e+03  0.00000e+00
580   9.79000e+03  0.00000e+00
581   9.80000e+03  0.00000e+00
582   9.81000e+03  0.00000e+00
583   9.82000e+03  0.00000e+00
584   9.83000e+03  0.00000e+00
585   9.84000e+03  0.00000e+00
586   9.85000e+03  0.00000e+00
587   9.86000e+03  0.00000e+00
588   9.87000e+03  0.00000e+00
589   9.88000e+03  0.00000e+00
590   9.89000e+03  0.00000e+00
591   9.90000e+03  0.00000e+00
592   9.91000e+03  0.00000e+00
593   9.92000e+03  0.00000e+00
594   9.93000e+03  0.00000e+00
595   9.94000e+03  0.00000e+00
596   9.95000e+03  0.00000e+00
597   9.96000e+03  0.00000e+00
598   9.97000e+03  0.00000e+00
599   9.98000e+03  0.00000e+00
600   9.99000e+03  0.00000e+00
601   1.00000e+04  0.00000e+00
602   1.00100e+04  0.00000e+00
603   1.00200e+04  0.00000e+00
604   1.00300e+04  0.00000e+00
605   1.00400e+04  0.00000e+00
606   1.00500e+04  0.00000e+00
607   1.00600e+04  0.00000e+00
608   1.00700e+04  0.00000e+00
609   1.00800e+04  0.00000e+00
610   1.00900e+04  0.00000e+00
611   1.01000e+04  0.00000e+00
612   1.01100e+04  0.00000e+00
613   1.01200e+04  0.00000e+00
614   1.01300e+04  0.00000e+00
615   1.01400e+04  0.00000e+00
616   1.01500e+04  0.00000e+00
617   1.01600e+04  0.00000e+00
618   1.01700e+04  0.00000e+00
619   1.01800e+04  0.00000e+00
620   1.01900e+04  0.00000e+00
621   1.02000e+04  0.00000e+00
622   1.02100e+04  0.00000e+00
623   1.02200e+04  0.00000e+00
624   1.02300e+04  0.00000e+00
625   1.02400e+04  0.00000e+00
626   1.02500e+04  0.00000e+00
627   1.02600e+04  0.00000e+00
628   1.02700e+04  0.00000e+00
629   1.02800e+04  0.00000e+00
630   1.02900e+04  0.00000e+00
631   1.03000e+04  0.00000e+00
632   1.03100e+04  0.00000e+00
633   1.03200e+04  0.00000e+00
634   1.03300e+04  0.00000e+00
635   1.03400e+04  0.00000e+00
636   1.03500e+04  0.00000e+00
637   1.03600e+04  0.00000e+00
638   1.03700e+04  0.00000e+00
639   1.03800e+04  0.00000e+00
640   1.03900e+04  0.00000e+00
641   1.04000e+04  0.00000e+00
642   1.04100e+04  0.00000e+00
643   1.04200e+04  0.00000e+00
644   1.04300e+04  0.00000e+00
645   1.04400e+04  0.00000e+00
646   1.04500e+04  0.00000e+00
647   1.04600e+04  0.00000e+00
648   1.04700e+04  0.00000e+00
649   1.04800e+04  0.00000e+00
650   1.04900e+04  0.00000e+00
651   1.05000e+04  0.00000e+00
652   1.05100e+04  0.00000e+00
653   1.05200e+04  0.00000e+00
654   1.05300e+04  0.00000e+00
655   1.05400e+04  0.00000e+00
656   1.05500e+04  0.00000e+00
657   1.05600e+04  0.00000e+00
658   1.05700e+04  0.00000e+00
659   1.05800e+04  0.00000e+00
660   1.05900e+04  0.00000e+00
661   1.06000e+04  0.00000e+00
662   1.06100e+04  0.00000e+00
663   1.06200e+04  0.00000e+00
664   1.06300e+04  0.00000e+00
665   1.06400e+04  0.00000e+00
666   1.06500e+04  0.00000e+00
667   1.06600e+04  0.00000e+00
668   1.06700e+04  0.00000e+00
669   1.06800e+04  0.00000e+00
670   1.06900e+04  0.00000e+00
671   1.07000e+04  0.00000e+00
672   1.07100e+04  0.00000e+00
673   1.07200e+04  0.00000e+00
674   1.07300e+04  0.00000e+00
675   1.07400e+04  0.00000e+00
676   1.07500e+04  0.00000e+00
677   1.07600e+04  0.00000e+00
678   1.07700e+04  0.00000e+00
679   1.07800e+04  0.00000e+00
680   1.07900e+04  0.00000e+00
681   1.08000e+04  0.00000e+00
682   1.08100e+04  0.00000e+00
683   1.08200e+04  0.00000e+00
684   1.08300e+04  0.00000e+00
685   1.08400e+04  0.00000e+00
686   1.08500e+04  0.00000e+00
687   1.08600e+04  0.00000e+00
688   1.08700e+04  0.00000e+00
689   1.08800e+04  0.00000e+00
690   1.08900e+04  0.00000e+00
691   1.09000e+04  0.00000e+00
692   1.09100e+04  0.00000e+00
693   1.09200e+04  0.00000e+00
694   1.09300e+04  0.00000e+00
695   1.09400e+04  0.00000e+00
696   1.09500e+04  0.00000e+00
697   1.09600e+04  0.00000e+00
698   1.09700e+04  0.00000e+00
699   1.09800e+04  0.00000e+00
700   1.09900e+04  0.00000e+00
701   1.10000e+04  0.00000e+00
702   1.10100e+04  0.00000e+00
703   1.10200e+04  0.00000e+00
704   1.10300e+04  0.00000e+00
705   1.10400e+04  0.00000e+00
706   1.10500e+04  0.00000e+00
707   1.10600e+04  0.00000e+00
708   1.10700e+04  0.00000e+00
709   1.10800e+04  0.00000e+00
710   1.10900e+04  0.00000e+00
711   1.11000e+04  0.00000e+00
712   1.11100e+04  0.00000e+00
713   1.11200e+04  0.00000e+00
714   1.11300e+04  5.08012e-06
715   1.11400e+04  2.79406e-05
716   1.11500e+04  1.27003e-04
717   1.11600e+04  4.88961e-04
718   1.11700e+04  1.61421e-03
719   1.11800e+04  4.63180e-03
720   1.11900e+04  1.15357e-02
721   1.12000e+04  2.51555e-02
722   1.12100e+04  4.84592e-02
723   1.12200e+04  8.34942e-02
724   1.12300e+04  1.30597e-01
725   1.12400e+04  1.88334e-01
726   1.12500e+04  2.54024e-01
727   1.12600e+04  3.24152e-01
728   1.12700e+04  3.93926e-01
729   1.12800e+04  4.57130e-01
730   1.12900e+04  5.07723e-01
731   1.13000e+04  5.42572e-01
732   1.13100e+04  5.62801e-01
733   1.13200e+04  5.72509e-01
734   1.13300e+04  5.76271e-01
735   1.13400e+04  5.77436e-01
736   1.13500e+04  5.77734e-01
737   1.13600e+04  5.77778e-01
738   1.13700e+04  5.77727e-01
739   1.13800e+04  5.77699e-01
740   1.13900e+04  5.77756e-01
741   1.14000e+04  5.77867e-01
742   1.14100e+04  5.77961e-01
743   1.14200e+04  5.77974e-01
744   1.14300e+04  5.77890e-01
745   1.14400e+04  5.77811e-01
746   1.14500e+04  5.77842e-01
747   1.14600e+04  5.77908e-01
748   1.14700e+04  5.77918e-01
749   1.14800e+04  5.77877e-01
750   1.14900e+04  5.77820e-01
751   1.15000e+04  5.77782e-01
752   1.15100e+04  5.77770e-01
753   1.15200e+04  5.77732e-01
754   1.15300e+04  5.77638e-01
755   1.15400e+04  5.77588e-01
756   1.15500e+04  5.77655e-01
757   1.15600e+04  5.77701e-01
758   1.15700e+04  5.77571e-01
759   1.15800e+04  5.77419e-01
760   1.15900e+04  5.77402e-01
761   1.16000e+04  5.77454e-01
762   1.16100e+04  5.77463e-01
763   1.16200e+04  5.77395e-01
764   1.16300e+04  5.77255e-01
765   1.16400e+04  5.77121e-01
766   1.16500e+04  5.77072e-01
767   1.16600e+04  5.77052e-01
768   1.16700e+04  5.76994e-01
769   1.16800e+04  5.76973e-01
770   1.16900e+04  5.77031e-01
771   1.17000e+04  5.77036e-01
772   1.17100e+04  5.76855e-01
773   1.17200e+04  5.76624e-01
774   1.17300e+04  5.76495e-01
775   1.17400e+04  5.76442e-01
776   1.17500e+04  5.76386e-01
777   1.17600e+04  5.76315e-01
778   1.17700e+04  5.76236e-01
779   1.17800e+04  5.76212e-01
780   1.17900e+04  5.76290e-01
781   1.18000e+04  5.76348e-01
782   1.18100e+04  5.76264e-01
783   1.18200e+04  5.76150e-01
784   1.18300e+04  5.76107e-01
785   1.18400e+04  5.76072e-01
786   1.18500e+04  5.75950e-01
787   1.18600e+04  5.75785e-01
788   1.18700e+04  5.75620e-01
789   1.18800e+04  5.75525e-01
790   1.18900e+04  5.75534e-01
791   1.19000e+04  5.75503e-01
792   1.19100e+04  5.75328e-01
793   1.19200e+04  5.75158e-01
794   1.19300e+04  5.75131e-01
795   1.19400e+04  5.75105e-01
796   1.19500e+04  5.74932e-01
797   1.19600e+04  5.74762e-01
798   1.19700e+04  5.74738e-01
799   1.19800e+04  5.74735e-01
800   1.19900e+04  5.74611e-01
801   1.20000e+04  5.74452e-01
802   1.20100e+04  5.74382e-01
803   1.20200e+04  5.74346e-01
804   1.20300e+04  5.74289e-01
805   1.20400e+04  5.74244e-01
806   1.20500e+04  5.74255e-01
807   1.20600e+04  5.74231e-01
808   1.20700e+04  5.74086e-01
809   1.20800e+04  5.73869e-01
810   1.20900e+04  5.73677e-01
811   1.21000e+04  5.73567e-01
812   1.21100e+04  5.73567e-01
813   1.21200e+04  5.73530e-01
814   1.21300e+04  5.73347e-01
815   1.21400e+04  5.73149e-01
816   1.21500e+04  5.73081e-01
817   1.21600e+04  5.73113e-01
818   1.21700e+04  5.73155e-01
819   1.21800e+04  5.73112e-01
820   1.21900e+04  5.72927e-01
821   1.22000e+04  5.72763e-01
822   1.22100e+04  5.72764e-01
823   1.22200e+04  5.72796e-01
824   1.22300e+04  5.72702e-01
825   1.22400e+04  5.72590e-01
826   1.22500e+04  5.72577e-01
827   1.22600e+04  5.72568e-01
828   1.22700e+04  5.72457e-01
829   1.22800e+04  5.72340e-01
830   1.22900e+04  5.72300e-01
831   1.23000e+04  5.72261e-01
832   1.23100e+04  5.72120e-01
833   1.23200e+04  5.71949e-01
834   1.23300e+04  5.71819e-01
835   1.23400e+04  5.71723e-01
836   1.23500e+04  5.71641e-01
837   1.23600e+04  5.71536e-01
838   1.23700e+04  5.71392e-01
839   1.23800e+04  5.71312e-01
840   1.23900e+04  5.71347e-01
841   1.24000e+04  5.71329e-01
842   1.24100e+04  5.71119e-01
843   1.24200e+04  5.70934e-01
844   1.24300e+04  5.70968e-01
845   1.24400e+04  5.71008e-01
846   1.24500e+04  5.70835e-01
847   1.24600e+04  5.70618e-01
848   1.24700e+04  5.70560e-01
849   1.24800e+04  5.70581e-01
850   1.24900e+04  5.70557e-01
851   1.25000e+04  5.70483e-01
852   1.25100e+04  5.70370e-01
853   1.25200e+04  5.70240e-01
854   1.25300e+04  5.70141e-01
855   1.25400e+04  5.70084e-01
856   1.25500e+04  5.70089e-01
857   1.25600e+04  5.70082e-01
858   1.25700e+04  5.70013e-01
859   1.25800e+04  5.69848e-01
860   1.25900e+04  5.69609e-01
861   1.26000e+04  5.69444e-01
862   1.26100e+04  5.69472e-01
863   1.26200e+04  5.69536e-01
864   1.26300e+04  5.69494e-01
865   1.26400e+04  5.69403e-01
866   1.26500e+04  5.69369e-01
867   1.26600e+04  5.69308e-01
868   1.26700e+04  5.69129e-01
869   1.26800e+04  5.68953e-01
870   1.26900e+04  5.68901e-01
871   1.27000e+04  5.68897e-01
872   1.27100e+04  5.68868e-01
873   1.27200e+04  5.68850e-01
874   1.27300e+04  5.68885e-01
875   1.27400e+04  5.68843e-01
876   1.27500e+04  5.68624e-01
877   1.27600e+04  5.68437e-01
878   1.27700e+04  5.68483e-01
879   1.27800e+04  5.68621e-01
880   1.27900e+04  5.68673e-01
881   1.28000e+04  5.68588e-01
882   1.28100e+04  5.68391e-01
883   1.28200e+04  5.68215e-01
884   1.28300e+04  5.68197e-01
885   1.28400e+04  5.68263e-01
886   1.28500e+04  5.68339e-01
887   1.28600e+04  5.68354e-01
888   1.28700e+04  5.68282e-01
889   1.28800e+04  5.68196e-01
890   1.28900e+04  5.68194e-01
891   1.29000e+04  5.68230e-01
892   1.29100e+04  5.68245e-01
893   1.29200e+04  5.68224e-01
894   1.29300e+04  5.68165e-01
895   1.29400e+04  5.68141e-01
896   1.29500e+04  5.68189e-01
897   1.29600e+04  5.68220e-01
898   1.29700e+04  5.68160e-01
899   1.29800e+04  5.68118e-01
900   1.29900e+04  5.68213e-01
901   1.30000e+04  5.68327e-01
902   1.30100e+04  5.68325e-01
903   1.30200e+04  5.68260e-01
904   1.30300e+04  5.68211e-01
905   1.30400e+04  5.68212e-01
906   1.30500e+04  5.68277e-01
907   1.30600e+04  5.68382e-01
908   1.30700e+04  5.68512e-01
909   1.30800e+04  5.68603e-01
910   1.30900e+04  5.68634e-01
911   1.31000e+04  5.68747e-01
912   1.31100e+04  5.69026e-01
913   1.31200e+04  5.69250e-01
914   1.31300e+04  5.69199e-01
915   1.31400e+04  5.69069e-01
916   1.31500e+04  5.69090e-01
917   1.31600e+04  5.69221e-01
918   1.31700e+04  5.69362e-01
919   1.31800e+04  5.69463e-01
920   1.31900e+04  5.69486e-01
921   1.32000e+04  5.69509e-01
922   1.32100e+04  5.69602e-01
923   1.32200e+04  5.69739e-01
924   1.32300e+04  5.69865e-01
925   1.32400e+04  5.69969e-01
926   1.32500e+04  5.70052e-01
927   1.32600e+04  5.70148e-01
928   1.32700e+04  5.70265e-01
929   1.32800e+04  5.70351e-01
930   1.32900e+04  5.70373e-01
931   1.33000e+04  5.70411e-01
932   1.33100e+04  5.70580e-01
933   1.33200e+04  5.70794e-01
934   1.33300e+04  5.70963e-01
935   1.33400e+04  5.71055e-01
936   1.33500e+04  5.71070e-01
937   1.33600e+04  5.71136e-01
938   1.33700e+04  5.71328e-01
939   1.33800e+04  5.71475e-01
940   1.33900e+04  5.71429e-01
941   1.34000e+04  5.71338e-01
942   1.34100e+04  5.71381e-01
943   1.34200e+04  5.71518e-01
944   1.34300e+04  5.71684e-01
945   1.34400e+04  5.71831e-01
946   1.34500e+04  5.71946e-01
947   1.34600e+04  5.72045e-01
948   1.34700e+04  5.72170e-01
949   1.34800e+04  5.72276e-01
950   1.34900e+04  5.72344e-01
951   1.35000e+04  5.72378e-01
952   1.35100e+04  5.72405e-01
953   1.35200e+04  5.72408e-01
954   1.35300e+04  5.72382e-01
955   1.35400e+04  5.72391e-01
956   1.35500e+04  5.72485e-01
957   1.35600e+04  5.72537e-01
958   1.35700e+04  5.72460e-01
959   1.35800e+04  5.72410e-01
960   1.35900e+04  5.72521e-01
961   1.36000e+04  5.72646e-01
962   1.36100e+04  5.72608e-01
963   1.36200e+04  5.72490e-01
964   1.36300e+04  5.72407e-01
965   1.36400e+04  5.72355e-01
966   1.36500e+04  5.72328e-01
967   1.36600e+04  5.72358e-01
968   1.36700e+04  5.72471e-01
969   1.36800e+04  5.72582e-01
970   1.36900e+04  5.72607e-01
971   1.37000e+04  5.72568e-01
972   1.37100e+04  5.72505e-01
973   1.37200e+04  5.72455e-01
974   1.37300e+04  5.72438e-01
975   1.37400e+04  5.72453e-01
976   1.37500e+04  5.72490e-01
977   1.37600e+04  5.72532e-01
978   1.37700e+04  5.72554e-01
979   1.37800e+04  5.72518e-01
980   1.37900e+04  5.72424e-01
981   1.38000e+04  5.72330e-01
982   1.38100e+04  5.72297e-01
983   1.38200e+04  5.72280e-01
984   1.38300e+04  5.72217e-01
985   1.38400e+04  5.72082e-01
986   1.38500e+04  5.71883e-01
987   1.38600e+04  5.71739e-01
988   1.38700e+04  5.71742e-01
989   1.38800e+04  5.71772e-01
990   1.38900e+04  5.71710e-01
991   1.39000e+04  5.71717e-01
992   1.39100e+04  5.71919e-01
993   1.39200e+04  5.72098e-01
994   1.39300e+04  5.72020e-01
995   1.39400e+04  5.71838e-01
996   1.39500e+04  5.71740e-01
997   1.39600e+04  5.71761e-01
998   1.39700e+04  5.71871e-01
999   1.39800e+04  5.71913e-01
1000  1.39900e+04  5.71763e-01
1001  1.40000e+04  5.71549e-01
1002  1.40100e+04  5.71419e-01
1003  1.40200e+04  5.71394e-01
1004  1.40300e+04  5.71443e-01
1005  1.40400e+04  5.71472e-01
1006  1.40500e+04  5.71409e-01
1007  1.40600e+04  5.71267e-01
1008  1.40700e+04  5.71103e-01
1009  1.40800e+04  5.70949e-01
1010  1.40900e+04  5.70823e-01
1011  1.41000e+04  5.70639e-01
1012  1.41100e+04  5.70340e-01
1013  1.41200e+04  5.70102e-01
1014  1.41300e+04  5.70079e-01
1015  1.41400e+04  5.70091e-01
1016  1.41500e+04  5.69955e-01
1017  1.41600e+04  5.69740e-01
1018  1.41700e+04  5.69575e-01
1019  1.41800e+04  5.69510e-01
1020  1.41900e+04  5.69553e-01
1021  1.42000e+04  5.69602e-01
1022  1.42100e+04  5.69602e-01
1023  1.42200e+04  5.69702e-01
1024  1.42300e+04  5.70032e-01
1025  1.42400e+04  5.70446e-01
1026  1.42500e+04  5.70761e-01
1027  1.42600e+04  5.70907e-01
1028  1.42700e+04  5.70901e-01
1029  1.42800e+04  5.70884e-01
1030  1.42900e+04  5.70969e-01
1031  1.43000e+04  5.71096e-01
1032  1.43100e+04  5.71164e-01
1033  1.43200e+04  5.71202e-01
1034  1.43300e+04  5.71242e-01
1035  1.43400e+04  5.71312e-01
1036  1.43500e+04  5.71401e-01
1037  1.43600e+04  5.71485e-01
1038  1.43700e+04  5.71532e-01
1039  1.43800e+04  5.71489e-01
1040  1.43900e+04  5.71277e-01
1041  1.44000e+04  5.70773e-01
1042  1.44100e+04  5.69572e-01
1043  1.44200e+04  5.66661e-01
1044  1.44300e+04  5.60436e-01
1045  1.44400e+04  5.48937e-01
1046  1.44500e+04  5.30118e-01
1047  1.44600e+04  5.02451e-01
1048  1.44700e+04  4.65375e-01
1049  1.44800e+04  4.19419e-01
1050  1.44900e+04  3.65979e-01
1051  1.45000e+04  3.07031e-01
1052  1.45100e+04  2.45216e-01
1053  1.45200e+04  1.84008e-01
1054  1.45300e+04  1.27757e-01
1055  1.45400e+04  8.07751e-02
1056  1.45500e+04  4.57871e-02
1057  1.45600e+04  2.29456e-02
1058  1.45700e+04  1.00421e-02
1059  1.45800e+04  3.80247e-03
1060  1.45900e+04  1.23447e-03
1061  1.46000e+04  3.42908e-04
1062  1.46100e+04  8.25519e-05
1063  1.46200e+04  1.77804e-05
1064  1.46300e+04  2.54006e-06
1065  1.46400e+04  0.00000e+00
1066  1.46500e+04  0.00000e+00
1067  1.46600e+04  0.00000e+00
1068  1.46700e+04  0.00000e+00
1069  1.46800e+04  0.00000e+00
1070  1.46900e+04  0.00000e+00
1071  1.47000e+04  0.00000e+00
1072  1.47100e+04  0.00000e+00
1073  1.47200e+04  0.00000e+00
1074  1.47300e+04  0.00000e+00
1075  1.47400e+04  0.00000e+00
1076  1.47500e+04  0.00000e+00
1077  1.47600e+04  0.00000e+00
1078  1.47700e+04  0.00000e+00
1079  1.47800e+04  0.00000e+00
1080  1.47900e+04  0.00000e+00
1081  1.48000e+04  0.00000e+00
1082  1.48100e+04  0.00000e+00
1083  1.48200e+04  0.00000e+00
1084  1.48300e+04  0.00000e+00
1085  1.48400e+04  0.00000e+00
1086  1.48500e+04  0.00000e+00
1087  1.48600e+04  0.00000e+00
1088  1.48700e+04  0.00000e+00
1089  1.48800e+04  0.00000e+00
1090  1.48900e+04  0.00000e+00
1091  1.49000e+04  0.00000e+00
1092  1.49100e+04  0.00000e+00
1093  1.49200e+04  0.00000e+00
1094  1.49300e+04  0.00000e+00
1095  1.49400e+04  0.00000e+00
1096  1.49500e+04  0.00000e+00
1097  1.49600e+04  0.00000e+00
1098  1.49700e+04  0.00000e+00
1099  1.49800e+04  0.00000e+00
1100  1.49900e+04  0.00000e+00
1101  1.50000e+04  0.00000e+00
1102  1.50100e+04  0.00000e+00
1103  1.50200e+04  0.00000e+00
1104  1.50300e+04  0.00000e+00
1105  1.50400e+04  0.00000e+00
1106  1.50500e+04  0.00000e+00
1107  1.50600e+04  0.00000e+00
1108  1.50700e+04  0.00000e+00
1109  1.50800e+04  0.00000e+00
1110  1.50900e+04  0.00000e+00
1111  1.51000e+04  0.00000e+00
1112  1.51100e+04  0.00000e+00
1113  1.51200e+04  0.00000e+00
1114  1.51300e+04  0.00000e+00
1115  1.51400e+04  0.00000e+00
1116  1.51500e+04  0.00000e+00
1117  1.51600e+04  0.00000e+00
1118  1.51700e+04  0.00000e+00
1119  1.51800e+04  0.00000e+00
1120  1.51900e+04  0.00000e+00
1121  1.52000e+04  0.00000e+00
1122  1.52100e+04  0.00000e+00
1123  1.52200e+04  0.00000e+00
1124  1.52300e+04  0.00000e+00
1125  1.52400e+04  0.00000e+00
1126  1.52500e+04  0.00000e+00
1127  1.52600e+04  0.00000e+00
1128  1.52700e+04  0.00000e+00
1129  1.52800e+04  0.00000e+00
1130  1.52900e+04  0.00000e+00
1131  1.53000e+04  0.00000e+00
1132  1.53100e+04  0.00000e+00
1133  1.53200e+04  0.00000e+00
1134  1.53300e+04  0.00000e+00
1135  1.53400e+04  0.00000e+00
1136  1.53500e+04  0.00000e+00
1137  1.53600e+04  0.00000e+00
1138  1.53700e+04  0.00000e+00
1139  1.53800e+04  0.00000e+00
1140  1.53900e+04  0.00000e+00
1141  1.54000e+04  0.00000e+00
1142  1.54100e+04  0.00000e+00
1143  1.54200e+04  0.00000e+00
1144  1.54300e+04  0.00000e+00
1145  1.54400e+04  0.00000e+00
1146  1.54500e+04  0.00000e+00
1147  1.54600e+04  0.00000e+00
1148  1.54700e+04  0.00000e+00
1149  1.54800e+04  0.00000e+00
1150  1.54900e+04  0.00000e+00
1151  1.55000e+04  0.00000e+00
1152  1.55100e+04  0.00000e+00
1153  1.55200e+04  0.00000e+00
1154  1.55300e+04  0.00000e+00
1155  1.55400e+04  0.00000e+00
1156  1.55500e+04  0.00000e+00
1157  1.55600e+04  0.00000e+00
1158  1.55700e+04  0.00000e+00
1159  1.55800e+04  0.00000e+00
1160  1.55900e+04  0.00000e+00
1161  1.56000e+04  0.00000e+00
1162  1.56100e+04  0.00000e+00
1163  1.56200e+04  0.00000e+00
1164  1.56300e+04  0.00000e+00
1165  1.56400e+04  0.00000e+00
1166  1.56500e+04  0.00000e+00
1167  1.56600e+04  0.00000e+00
1168  1.56700e+04  0.00000e+00
1169  1.56800e+04  0.00000e+00
1170  1.56900e+04  0.00000e+00
1171  1.57000e+04  0.00000e+00
1172  1.57100e+04  0.00000e+00
1173  1.57200e+04  0.00000e+00
1174  1.57300e+04  0.00000e+00
1175  1.57400e+04  0.00000e+00
1176  1.57500e+04  0.00000e+00
1177  1.57600e+04  0.00000e+00
1178  1.57700e+04  0.00000e+00
1179  1.57800e+04  0.00000e+00
1180  1.57900e+04  0.00000e+00
1181  1.58000e+04  0.00000e+00
1182  1.58100e+04  0.00000e+00
1183  1.58200e+04  0.00000e+00
1184  1.58300e+04  0.00000e+00
1185  1.58400e+04  0.00000e+00
1186  1.58500e+04  0.00000e+00
1187  1.58600e+04  0.00000e+00
1188  1.58700e+04  0.00000e+00
1189  1.58800e+04  0.00000e+00
1190  1.58900e+04  0.00000e+00
1191  1.59000e+04  0.00000e+00
1192  1.59100e+04  0.00000e+00
1193  1.59200e+04  0.00000e+00
1194  1.59300e+04  0.00000e+00
1195  1.59400e+04  0.00000e+00
1196  1.59500e+04  0.00000e+00
1197  1.59600e+04  0.00000e+00
1198  1.59700e+04  0.00000e+00
1199  1.59800e+04  0.00000e+00
1200  1.59900e+04  0.00000e+00
1201  1.60000e+04  0.00000e+00
1202  1.60100e+04  0.00000e+00
1203  1.60200e+04  0.00000e+00
1204  1.60300e+04  0.00000e+00
1205  1.60400e+04  0.00000e+00
1206  1.60500e+04  0.00000e+00
1207  1.60600e+04  0.00000e+00
1208  1.60700e+04  0.00000e+00
1209  1.60800e+04  0.00000e+00
1210  1.60900e+04  0.00000e+00
1211  1.61000e+04  0.00000e+00
1212  1.61100e+04  0.00000e+00
1213  1.61200e+04  0.00000e+00
1214  1.61300e+04  0.00000e+00
1215  1.61400e+04  0.00000e+00
1216  1.61500e+04  0.00000e+00
1217  1.61600e+04  0.00000e+00
1218  1.61700e+04  0.00000e+00
1219  1.61800e+04  0.00000e+00
1220  1.61900e+04  0.00000e+00
1221  1.62000e+04  0.00000e+00
1222  1.62100e+04  0.00000e+00
1223  1.62200e+04  0.00000e+00
1224  1.62300e+04  0.00000e+00
1225  1.62400e+04  0.00000e+00
1226  1.62500e+04  0.00000e+00
1227  1.62600e+04  0.00000e+00
1228  1.62700e+04  0.00000e+00
1229  1.62800e+04  0.00000e+00
1230  1.62900e+04  0.00000e+00
1231  1.63000e+04  0.00000e+00
1232  1.63100e+04  0.00000e+00
1233  1.63200e+04  0.00000e+00
1234  1.63300e+04  0.00000e+00
1235  1.63400e+04  0.00000e+00
1236  1.63500e+04  0.00000e+00
1237  1.63600e+04  0.00000e+00
1238  1.63700e+04  0.00000e+00
1239  1.63800e+04  0.00000e+00
1240  1.63900e+04  0.00000e+00
1241  1.64000e+04  0.00000e+00
1242  1.64100e+04  0.00000e+00
1243  1.64200e+04  0.00000e+00
1244  1.64300e+04  0.00000e+00
1245  1.64400e+04  0.00000e+00
1246  1.64500e+04  0.00000e+00
1247  1.64600e+04  0.00000e+00
1248  1.64700e+04  0.00000e+00
1249  1.64800e+04  0.00000e+00
1250  1.64900e+04  0.00000e+00
1251  1.65000e+04  0.00000e+00
1252  1.65100e+04  0.00000e+00
1253  1.65200e+04  0.00000e+00
1254  1.65300e+04  0.00000e+00
1255  1.65400e+04  0.00000e+00
1256  1.65500e+04  0.00000e+00
1257  1.65600e+04  0.00000e+00
1258  1.65700e+04  0.00000e+00
1259  1.65800e+04  0.00000e+00
1260  1.65900e+04  0.00000e+00
1261  1.66000e+04  0.00000e+00
1262  1.66100e+04  0.00000e+00
1263  1.66200e+04  0.00000e+00
1264  1.66300e+04  0.00000e+00
1265  1.66400e+04  0.00000e+00
1266  1.66500e+04  0.00000e+00
1267  1.66600e+04  0.00000e+00
1268  1.66700e+04  0.00000e+00
1269  1.66800e+04  0.00000e+00
1270  1.66900e+04  0.00000e+00
1271  1.67000e+04  0.00000e+00
1272  1.67100e+04  0.00000e+00
1273  1.67200e+04  0.00000e+00
1274  1.67300e+04  0.00000e+00
1275  1.67400e+04  0.00000e+00
1276  1.67500e+04  0.00000e+00
1277  1.67600e+04  0.00000e+00
1278  1.67700e+04  0.00000e+00
1279  1.67800e+04  0.00000e+00
1280  1.67900e+04  0.00000e+00
1281  1.68000e+04  0.00000e+00
1282  1.68100e+04  0.00000e+00
1283  1.68200e+04  0.00000e+00
1284  1.68300e+04  0.00000e+00
1285  1.68400e+04  0.00000e+00
1286  1.68500e+04  0.00000e+00
1287  1.68600e+04  0.00000e+00
1288  1.68700e+04  0.00000e+00
1289  1.68800e+04  0.00000e+00
1290  1.68900e+04  0.00000e+00
1291  1.69000e+04  0.00000e+00
1292  1.69100e+04  0.00000e+00
1293  1.69200e+04  0.00000e+00
1294  1.69300e+04  0.00000e+00
1295  1.69400e+04  0.00000e+00
1296  1.69500e+04  0.00000e+00
1297  1.69600e+04  0.00000e+00
1298  1.69700e+04  0.00000e+00
1299  1.69800e+04  0.00000e+00
1300  1.69900e+04  0.00000e+00
1301  1.70000e+04  0.00000e+00
1302  1.70100e+04  0.00000e+00
1303  1.70200e+04  0.00000e+00
1304  1.70300e+04  0.00000e+00
1305  1.70400e+04  0.00000e+00
1306  1.70500e+04  0.00000e+00
1307  1.70600e+04  0.00000e+00
1308  1.70700e+04  0.00000e+00
1309  1.70800e+04  0.00000e+00
1310  1.70900e+04  0.00000e+00
1311  1.71000e+04  0.00000e+00
1312  1.71100e+04  0.00000e+00
1313  1.71200e+04  0.00000e+00
1314  1.71300e+04  0.00000e+00
1315  1.71400e+04  0.00000e+00
1316  1.71500e+04  0.00000e+00
1317  1.71600e+04  0.00000e+00
1318  1.71700e+04  0.00000e+00
1319  1.71800e+04  0.00000e+00
1320  1.71900e+04  0.00000e+00
1321  1.72000e+04  0.00000e+00
1322  1.72100e+04  0.00000e+00
1323  1.72200e+04  0.00000e+00
1324  1.72300e+04  0.00000e+00
1325  1.72400e+04  0.00000e+00
1326  1.72500e+04  0.00000e+00
1327  1.72600e+04  0.00000e+00
1328  1.72700e+04  0.00000e+00
1329  1.72800e+04  0.00000e+00
1330  1.72900e+04  0.00000e+00
1331  1.73000e+04  0.00000e+00
1332  1.73100e+04  0.00000e+00
1333  1.73200e+04  0.00000e+00
1334  1.73300e+04  0.00000e+00
1335  1.73400e+04  0.00000e+00
1336  1.73500e+04  0.00000e+00
1337  1.73600e+04  0.00000e+00
1338  1.73700e+04  0.00000e+00
1339  1.73800e+04  0.00000e+00
1340  1.73900e+04  0.00000e+00
1341  1.74000e+04  0.00000e+00
1342  1.74100e+04  0.00000e+00
1343  1.74200e+04  0.00000e+00
1344  1.74300e+04  0.00000e+00
1345  1.74400e+04  0.00000e+00
1346  1.74500e+04  0.00000e+00
1347  1.74600e+04  0.00000e+00
1348  1.74700e+04  0.00000e+00
1349  1.74800e+04  0.00000e+00
1350  1.74900e+04  0.00000e+00
1351  1.75000e+04  0.00000e+00
1352  1.75100e+04  0.00000e+00
1353  1.75200e+04  0.00000e+00
1354  1.75300e+04  0.00000e+00
1355  1.75400e+04  0.00000e+00
1356  1.75500e+04  0.00000e+00
1357  1.75600e+04  0.00000e+00
1358  1.75700e+04  0.00000e+00
1359  1.75800e+04  0.00000e+00
1360  1.75900e+04  0.00000e+00
1361  1.76000e+04  0.00000e+00
1362  1.76100e+04  0.00000e+00
1363  1.76200e+04  0.00000e+00
1364  1.76300e+04  0.00000e+00
1365  1.76400e+04  0.00000e+00
1366  1.76500e+04  0.00000e+00
1367  1.76600e+04  0.00000e+00
1368  1.76700e+04  0.00000e+00
1369  1.76800e+04  0.00000e+00
1370  1.76900e+04  0.00000e+00
1371  1.77000e+04  0.00000e+00
1372  1.77100e+04  0.00000e+00
1373  1.77200e+04  0.00000e+00
1374  1.77300e+04  0.00000e+00
1375  1.77400e+04  0.00000e+00
1376  1.77500e+04  0.00000e+00
1377  1.77600e+04  0.00000e+00
1378  1.77700e+04  0.00000e+00
1379  1.77800e+04  0.00000e+00
1380  1.77900e+04  0.00000e+00
1381  1.78000e+04  0.00000e+00
1382  1.78100e+04  0.00000e+00
1383  1.78200e+04  0.00000e+00
1384  1.78300e+04  0.00000e+00
1385  1.78400e+04  0.00000e+00
1386  1.78500e+04  0.00000e+00
1387  1.78600e+04  0.00000e+00
1388  1.78700e+04  0.00000e+00
1389  1.78800e+04  0.00000e+00
1390  1.78900e+04  0.00000e+00
1391  1.79000e+04  0.00000e+00
1392  1.79100e+04  0.00000e+00
1393  1.79200e+04  0.00000e+00
1394  1.79300e+04  0.00000e+00
1395  1.79400e+04  0.00000e+00
1396  1.79500e+04  0.00000e+00
1397  1.79600e+04  0.00000e+00
1398  1.79700e+04  0.00000e+00
1399  1.79800e+04  0.00000e+00
1400  1.79900e+04  0.00000e+00
1401  1.80000e+04  0.00000e+00
1402  1.80100e+04  0.00000e+00
1403  1.80200e+04  0.00000e+00
1404  1.80300e+04  0.00000e+00
1405  1.80400e+04  0.00000e+00
1406  1.80500e+04  0.00000e+00
1407  1.80600e+04  0.00000e+00
1408  1.80700e+04  0.00000e+00
1409  1.80800e+04  0.00000e+00
1410  1.80900e+04  0.00000e+00
1411  1.81000e+04  0.00000e+00
1412  1.81100e+04  0.00000e+00
1413  1.81200e+04  0.00000e+00
1414  1.81300e+04  0.00000e+00
1415  1.81400e+04  0.00000e+00
1416  1.81500e+04  0.00000e+00
1417  1.81600e+04  0.00000e+00
1418  1.81700e+04  0.00000e+00
1419  1.81800e+04  0.00000e+00
1420  1.81900e+04  0.00000e+00
1421  1.82000e+04  0.00000e+00
1422  1.82100e+04  0.00000e+00
1423  1.82200e+04  0.00000e+00
1424  1.82300e+04  0.00000e+00
1425  1.82400e+04  0.00000e+00
1426  1.82500e+04  0.00000e+00
1427  1.82600e+04  0.00000e+00
1428  1.82700e+04  0.00000e+00
1429  1.82800e+04  0.00000e+00
1430  1.82900e+04  0.00000e+00
1431  1.83000e+04  0.00000e+00
1432  1.83100e+04  0.00000e+00
1433  1.83200e+04  0.00000e+00
1434  1.83300e+04  0.00000e+00
1435  1.83400e+04  0.00000e+00
1436  1.83500e+04  0.00000e+00
1437  1.83600e+04  0.00000e+00
1438  1.83700e+04  0.00000e+00
1439  1.83800e+04  0.00000e+00
1440  1.83900e+04  0.00000e+00
1441  1.84000e+04  0.00000e+00
1442  1.84100e+04  0.00000e+00
1443  1.84200e+04  0.00000e+00
1444  1.84300e+04  0.00000e+00
1445  1.84400e+04  0.00000e+00
1446  1.84500e+04  0.00000e+00
1447  1.84600e+04  0.00000e+00
1448  1.84700e+04  0.00000e+00
1449  1.84800e+04  0.00000e+00
1450  1.84900e+04  0.00000e+00
1451  1.85000e+04  0.00000e+00
1452  1.85100e+04  0.00000e+00
1453  1.85200e+04  0.00000e+00
1454  1.85300e+04  0.00000e+00
1455  1.85400e+04  0.00000e+00
1456  1.85500e+04  0.00000e+00
1457  1.85600e+04  0.00000e+00
1458  1.85700e+04  0.00000e+00
1459  1.85800e+04  0.00000e+00
1460  1.85900e+04  0.00000e+00
1461  1.86000e+04  0.00000e+00
1462  1.86100e+04  0.00000e+00
1463  1.86200e+04  0.00000e+00
1464  1.86300e+04  0.00000e+00
1465  1.86400e+04  0.00000e+00
1466  1.86500e+04  0.00000e+00
1467  1.86600e+04  0.00000e+00
1468  1.86700e+04  0.00000e+00
1469  1.86800e+04  0.00000e+00
1470  1.86900e+04  0.00000e+00
1471  1.87000e+04  0.00000e+00
1472  1.87100e+04  0.00000e+00
1473  1.87200e+04  0.00000e+00
1474  1.87300e+04  0.00000e+00
1475  1.87400e+04  0.00000e+00
1476  1.87500e+04  0.00000e+00
1477  1.87600e+04  0.00000e+00
1478  1.87700e+04  0.00000e+00
1479  1.87800e+04  0.00000e+00
1480  1.87900e+04  0.00000e+00
1481  1.88000e+04  0.00000e+00
1482  1.88100e+04  0.00000e+00
1483  1.88200e+04  0.00000e+00
1484  1.88300e+04  0.00000e+00
1485  1.88400e+04  0.00000e+00
1486  1.88500e+04  0.00000e+00
1487  1.88600e+04  0.00000e+00
1488  1.88700e+04  0.00000e+00
1489  1.88800e+04  0.00000e+00
1490  1.88900e+04  0.00000e+00
1491  1.89000e+04  0.00000e+00
1492  1.89100e+04  0.00000e+00
1493  1.89200e+04  0.00000e+00
1494  1.89300e+04  0.00000e+00
1495  1.89400e+04  0.00000e+00
1496  1.89500e+04  0.00000e+00
1497  1.89600e+04  0.00000e+00
1498  1.89700e+04  0.00000e+00
1499  1.89800e+04  0.00000e+00
1500  1.89900e+04  0.00000e+00
1501  1.90000e+04  0.00000e+00
1502  1.90100e+04  0.00000e+00
1503  1.90200e+04  0.00000e+00
1504  1.90300e+04  0.00000e+00
1505  1.90400e+04  0.00000e+00
1506  1.90500e+04  0.00000e+00
1507  1.90600e+04  0.00000e+00
1508  1.90700e+04  0.00000e+00
1509  1.90800e+04  0.00000e+00
1510  1.90900e+04  0.00000e+00
1511  1.91000e+04  0.00000e+00
1512  1.91100e+04  0.00000e+00
1513  1.91200e+04  0.00000e+00
1514  1.91300e+04  0.00000e+00
1515  1.91400e+04  0.00000e+00
1516  1.91500e+04  0.00000e+00
1517  1.91600e+04  0.00000e+00
1518  1.91700e+04  0.00000e+00
1519  1.91800e+04  0.00000e+00
1520  1.91900e+04  0.00000e+00
1521  1.92000e+04  0.00000e+00
1522  1.92100e+04  0.00000e+00
1523  1.92200e+04  0.00000e+00
1524  1.92300e+04  0.00000e+00
1525  1.92400e+04  0.00000e+00
1526  1.92500e+04  0.00000e+00
1527  1.92600e+04  0.00000e+00
1528  1.92700e+04  0.00000e+00
1529  1.92800e+04  0.00000e+00
1530  1.92900e+04  0.00000e+00
1531  1.93000e+04  0.00000e+00
1532  1.93100e+04  0.00000e+00
1533  1.93200e+04  0.00000e+00
1534  1.93300e+04  0.00000e+00
1535  1.93400e+04  0.00000e+00
1536  1.93500e+04  0.00000e+00
1537  1.93600e+04  0.00000e+00
1538  1.93700e+04  0.00000e+00
1539  1.93800e+04  0.00000e+00
1540  1.93900e+04  0.00000e+00
1541  1.94000e+04  0.00000e+00
1542  1.94100e+04  0.00000e+00
1543  1.94200e+04  0.00000e+00
1544  1.94300e+04  0.00000e+00
1545  1.94400e+04  0.00000e+00
1546  1.94500e+04  0.00000e+00
1547  1.94600e+04  0.00000e+00
1548  1.94700e+04  0.00000e+00
1549  1.94800e+04  0.00000e+00
1550  1.94900e+04  0.00000e+00
1551  1.95000e+04  0.00000e+00
1552  1.95100e+04  0.00000e+00
1553  1.95200e+04  0.00000e+00
1554  1.95300e+04  0.00000e+00
1555  1.95400e+04  0.00000e+00
1556  1.95500e+04  0.00000e+00
1557  1.95600e+04  0.00000e+00
1558  1.95700e+04  0.00000e+00
1559  1.95800e+04  0.00000e+00
1560  1.95900e+04  0.00000e+00
1561  1.96000e+04  0.00000e+00
1562  1.96100e+04  0.00000e+00
1563  1.96200e+04  0.00000e+00
1564  1.96300e+04  0.00000e+00
1565  1.96400e+04  0.00000e+00
1566  1.96500e+04  0.00000e+00
1567  1.96600e+04  0.00000e+00
1568  1.96700e+04  0.00000e+00
1569  1.96800e+04  0.00000e+00
1570  1.96900e+04  0.00000e+00
1571  1.97000e+04  0.00000e+00
1572  1.97100e+04  0.00000e+00
1573  1.97200e+04  0.00000e+00
1574  1.97300e+04  0.00000e+00
1575  1.97400e+04  0.00000e+00
1576  1.97500e+04  0.00000e+00
1577  1.97600e+04  0.00000e+00
1578  1.97700e+04  0.00000e+00
1579  1.97800e+04  0.00000e+00
1580  1.97900e+04  0.00000e+00
1581  1.98000e+04  0.00000e+00
1582  1.98100e+04  0.00000e+00
1583  1.98200e+04  0.00000e+00
1584  1.98300e+04  0.00000e+00
1585  1.98400e+04  0.00000e+00
1586  1.98500e+04  0.00000e+00
1587  1.98600e+04  0.00000e+00
1588  1.98700e+04  0.00000e+00
1589  1.98800e+04  0.00000e+00
1590  1.98900e+04  0.00000e+00
1591  1.99000e+04  0.00000e+00
1592  1.99100e+04  0.00000e+00
1593  1.99200e+04  0.00000e+00
1594  1.99300e+04  0.00000e+00
1595  1.99400e+04  0.00000e+00
1596  1.99500e+04  0.00000e+00
1597  1.99600e+04  0.00000e+00
1598  1.99700e+04  0.00000e+00
1599  1.99800e+04  0.00000e+00
1600  1.99900e+04  0.00000e+00
1601  2.00000e+04  0.00000e+00
1602  2.00100e+04  0.00000e+00
1603  2.00200e+04  0.00000e+00
1604  2.00300e+04  0.00000e+00
1605  2.00400e+04  0.00000e+00
1606  2.00500e+04  0.00000e+00
1607  2.00600e+04  0.00000e+00
1608  2.00700e+04  0.00000e+00
1609  2.00800e+04  0.00000e+00
1610  2.00900e+04  0.00000e+00
1611  2.01000e+04  0.00000e+00
1612  2.01100e+04  0.00000e+00
1613  2.01200e+04  0.00000e+00
1614  2.01300e+04  0.00000e+00
1615  2.01400e+04  0.00000e+00
1616  2.01500e+04  0.00000e+00
1617  2.01600e+04  0.00000e+00
1618  2.01700e+04  0.00000e+00
1619  2.01800e+04  0.00000e+00
1620  2.01900e+04  0.00000e+00
1621  2.02000e+04  0.00000e+00
1622  2.02100e+04  0.00000e+00
1623  2.02200e+04  0.00000e+00
1624  2.02300e+04  0.00000e+00
1625  2.02400e+04  0.00000e+00
1626  2.02500e+04  0.00000e+00
1627  2.02600e+04  0.00000e+00
1628  2.02700e+04  0.00000e+00
1629  2.02800e+04  0.00000e+00
1630  2.02900e+04  0.00000e+00
1631  2.03000e+04  0.00000e+00
1632  2.03100e+04  0.00000e+00
1633  2.03200e+04  0.00000e+00
1634  2.03300e+04  0.00000e+00
1635  2.03400e+04  0.00000e+00
1636  2.03500e+04  0.00000e+00
1637  2.03600e+04  0.00000e+00
1638  2.03700e+04  0.00000e+00
1639  2.03800e+04  0.00000e+00
1640  2.03900e+04  0.00000e+00
1641  2.04000e+04  0.00000e+00
1642  2.04100e+04  0.00000e+00
1643  2.04200e+04  0.00000e+00
1644  2.04300e+04  0.00000e+00
1645  2.04400e+04  0.00000e+00
1646  2.04500e+04  0.00000e+00
1647  2.04600e+04  0.00000e+00
1648  2.04700e+04  0.00000e+00
1649  2.04800e+04  0.00000e+00
1650  2.04900e+04  0.00000e+00
1651  2.05000e+04  0.00000e+00
1652  2.05100e+04  0.00000e+00
1653  2.05200e+04  0.00000e+00
1654  2.05300e+04  0.00000e+00
1655  2.05400e+04  0.00000e+00
1656  2.05500e+04  0.00000e+00
1657  2.05600e+04  0.00000e+00
1658  2.05700e+04  0.00000e+00
1659  2.05800e+04  0.00000e+00
1660  2.05900e+04  0.00000e+00
1661  2.06000e+04  0.00000e+00
1662  2.06100e+04  0.00000e+00
1663  2.06200e+04  0.00000e+00
1664  2.06300e+04  0.00000e+00
1665  2.06400e+04  0.00000e+00
1666  2.06500e+04  0.00000e+00
1667  2.06600e+04  0.00000e+00
1668  2.06700e+04  0.00000e+00
1669  2.06800e+04  0.00000e+00
1670  2.06900e+04  0.00000e+00
1671  2.07000e+04  0.00000e+00
1672  2.07100e+04  0.00000e+00
1673  2.07200e+04  0.00000e+00
1674  2.07300e+04  0.00000e+00
1675  2.07400e+04  0.00000e+00
1676  2.07500e+04  0.00000e+00
1677  2.07600e+04  0.00000e+00
1678  2.07700e+04  0.00000e+00
1679  2.07800e+04  0.00000e+00
1680  2.07900e+04  0.00000e+00
1681  2.08000e+04  0.00000e+00
1682  2.08100e+04  0.00000e+00
1683  2.08200e+04  0.00000e+00
1684  2.08300e+04  0.00000e+00
1685  2.08400e+04  0.00000e+00
1686  2.08500e+04  0.00000e+00
1687  2.08600e+04  0.00000e+00
1688  2.08700e+04  0.00000e+00
1689  2.08800e+04  0.00000e+00
1690  2.08900e+04  0.00000e+00
1691  2.09000e+04  0.00000e+00
1692  2.09100e+04  0.00000e+00
1693  2.09200e+04  0.00000e+00
1694  2.09300e+04  0.00000e+00
1695  2.09400e+04  0.00000e+00
1696  2.09500e+04  0.00000e+00
1697  2.09600e+04  0.00000e+00
1698  2.09700e+04  0.00000e+00
1699  2.09800e+04  0.00000e+00
1700  2.09900e+04  0.00000e+00
1701  2.10000e+04  0.00000e+00
1702  2.10100e+04  0.00000e+00
1703  2.10200e+04  0.00000e+00
1704  2.10300e+04  0.00000e+00
1705  2.10400e+04  0.00000e+00
1706  2.10500e+04  0.00000e+00
1707  2.10600e+04  0.00000e+00
1708  2.10700e+04  0.00000e+00
1709  2.10800e+04  0.00000e+00
1710  2.10900e+04  0.00000e+00
1711  2.11000e+04  0.00000e+00
1712  2.11100e+04  0.00000e+00
1713  2.11200e+04  0.00000e+00
1714  2.11300e+04  0.00000e+00
1715  2.11400e+04  0.00000e+00
1716  2.11500e+04  0.00000e+00
1717  2.11600e+04  0.00000e+00
1718  2.11700e+04  0.00000e+00
1719  2.11800e+04  0.00000e+00
1720  2.11900e+04  0.00000e+00
1721  2.12000e+04  0.00000e+00
1722  2.12100e+04  0.00000e+00
1723  2.12200e+04  0.00000e+00
1724  2.12300e+04  0.00000e+00
1725  2.12400e+04  0.00000e+00
1726  2.12500e+04  0.00000e+00
1727  2.12600e+04  0.00000e+00
1728  2.12700e+04  0.00000e+00
1729  2.12800e+04  0.00000e+00
1730  2.12900e+04  0.00000e+00
1731  2.13000e+04  0.00000e+00
1732  2.13100e+04  0.00000e+00
1733  2.13200e+04  0.00000e+00
1734  2.13300e+04  0.00000e+00
1735  2.13400e+04  0.00000e+00
1736  2.13500e+04  0.00000e+00
1737  2.13600e+04  0.00000e+00
1738  2.13700e+04  0.00000e+00
1739  2.13800e+04  0.00000e+00
1740  2.13900e+04  0.00000e+00
1741  2.14000e+04  0.00000e+00
1742  2.14100e+04  0.00000e+00
1743  2.14200e+04  0.00000e+00
1744  2.14300e+04  0.00000e+00
1745  2.14400e+04  0.00000e+00
1746  2.14500e+04  0.00000e+00
1747  2.14600e+04  0.00000e+00
1748  2.14700e+04  0.00000e+00
1749  2.14800e+04  0.00000e+00
1750  2.14900e+04  0.00000e+00
1751  2.15000e+04  0.00000e+00
1752  2.15100e+04  0.00000e+00
1753  2.15200e+04  0.00000e+00
1754  2.15300e+04  0.00000e+00
1755  2.15400e+04  0.00000e+00
1756  2.15500e+04  0.00000e+00
1757  2.15600e+04  0.00000e+00
1758  2.15700e+04  0.00000e+00
1759  2.15800e+04  0.00000e+00
1760  2.15900e+04  0.00000e+00
1761  2.16000e+04  0.00000e+00
1762  2.16100e+04  0.00000e+00
1763  2.16200e+04  0.00000e+00
1764  2.16300e+04  0.00000e+00
1765  2.16400e+04  0.00000e+00
1766  2.16500e+04  0.00000e+00
1767  2.16600e+04  0.00000e+00
1768  2.16700e+04  0.00000e+00
1769  2.16800e+04  0.00000e+00
1770  2.16900e+04  0.00000e+00
1771  2.17000e+04  0.00000e+00
1772  2.17100e+04  0.00000e+00
1773  2.17200e+04  0.00000e+00
1774  2.17300e+04  0.00000e+00
1775  2.17400e+04  0.00000e+00
1776  2.17500e+04  0.00000e+00
1777  2.17600e+04  0.00000e+00
1778  2.17700e+04  0.00000e+00
1779  2.17800e+04  0.00000e+00
1780  2.17900e+04  0.00000e+00
1781  2.18000e+04  0.00000e+00
1782  2.18100e+04  0.00000e+00
1783  2.18200e+04  0.00000e+00
1784  2.18300e+04  0.00000e+00
1785  2.18400e+04  0.00000e+00
1786  2.18500e+04  0.00000e+00
1787  2.18600e+04  0.00000e+00
1788  2.18700e+04  0.00000e+00
1789  2.18800e+04  0.00000e+00
1790  2.18900e+04  0.00000e+00
1791  2.19000e+04  0.00000e+00
1792  2.19100e+04  0.00000e+00
1793  2.19200e+04  0.00000e+00
1794  2.19300e+04  0.00000e+00
1795  2.19400e+04  0.00000e+00
1796  2.19500e+04  0.00000e+00
1797  2.19600e+04  0.00000e+00
1798  2.19700e+04  0.00000e+00
1799  2.19800e+04  0.00000e+00
1800  2.19900e+04  0.00000e+00
1801  2.20000e+04  0.00000e+00
1802  2.20100e+04  0.00000e+00
1803  2.20200e+04  0.00000e+00
1804  2.20300e+04  0.00000e+00
1805  2.20400e+04  0.00000e+00
1806  2.20500e+04  0.00000e+00
1807  2.20600e+04  0.00000e+00
1808  2.20700e+04  0.00000e+00
1809  2.20800e+04  0.00000e+00
1810  2.20900e+04  0.00000e+00
1811  2.21000e+04  0.00000e+00
1812  2.21100e+04  0.00000e+00
1813  2.21200e+04  0.00000e+00
1814  2.21300e+04  0.00000e+00
1815  2.21400e+04  0.00000e+00
1816  2.21500e+04  0.00000e+00
1817  2.21600e+04  0.00000e+00
1818  2.21700e+04  0.00000e+00
1819  2.21800e+04  0.00000e+00
1820  2.21900e+04  0.00000e+00
1821  2.22000e+04  0.00000e+00
1822  2.22100e+04  0.00000e+00
1823  2.22200e+04  0.00000e+00
1824  2.22300e+04  0.00000e+00
1825  2.22400e+04  0.00000e+00
1826  2.22500e+04  0.00000e+00
1827  2.22600e+04  0.00000e+00
1828  2.22700e+04  0.00000e+00
1829  2.22800e+04  0.00000e+00
1830  2.22900e+04  0.00000e+00
1831  2.23000e+04  0.00000e+00
1832  2.23100e+04  0.00000e+00
1833  2.23200e+04  0.00000e+00
1834  2.23300e+04  0.00000e+00
1835  2.23400e+04  0.00000e+00
1836  2.23500e+04  0.00000e+00
1837  2.23600e+04  0.00000e+00
1838  2.23700e+04  0.00000e+00
1839  2.23800e+04  0.00000e+00
1840  2.23900e+04  0.00000e+00
1841  2.24000e+04  0.00000e+00
1842  2.24100e+04  0.00000e+00
1843  2.24200e+04  0.00000e+00
1844  2.24300e+04  0.00000e+00
1845  2.24400e+04  0.00000e+00
1846  2.24500e+04  0.00000e+00
1847  2.24600e+04  0.00000e+00
1848  2.24700e+04  0.00000e+00
1849  2.24800e+04  0.00000e+00
1850  2.24900e+04  0.00000e+00
1851  2.25000e+04  0.00000e+00
1852  2.25100e+04  0.00000e+00
1853  2.25200e+04  0.00000e+00
1854  2.25300e+04  0.00000e+00
1855  2.25400e+04  0.00000e+00
1856  2.25500e+04  0.00000e+00
1857  2.25600e+04  0.00000e+00
1858  2.25700e+04  0.00000e+00
1859  2.25800e+04  0.00000e+00
1860  2.25900e+04  0.00000e+00
1861  2.26000e+04  0.00000e+00
1862  2.26100e+04  0.00000e+00
1863  2.26200e+04  0.00000e+00
1864  2.26300e+04  0.00000e+00
1865  2.26400e+04  0.00000e+00
1866  2.26500e+04  0.00000e+00
1867  2.26600e+04  0.00000e+00
1868  2.26700e+04  0.00000e+00
1869  2.26800e+04  0.00000e+00
1870  2.26900e+04  0.00000e+00
1871  2.27000e+04  0.00000e+00
1872  2.27100e+04  0.00000e+00
1873  2.27200e+04  0.00000e+00
1874  2.27300e+04  0.00000e+00
1875  2.27400e+04  0.00000e+00
1876  2.27500e+04  0.00000e+00
1877  2.27600e+04  0.00000e+00
1878  2.27700e+04  0.00000e+00
1879  2.27800e+04  0.00000e+00
1880  2.27900e+04  0.00000e+00
1881  2.28000e+04  0.00000e+00
1882  2.28100e+04  0.00000e+00
1883  2.28200e+04  0.00000e+00
1884  2.28300e+04  0.00000e+00
1885  2.28400e+04  0.00000e+00
1886  2.28500e+04  0.00000e+00
1887  2.28600e+04  0.00000e+00
1888  2.28700e+04  0.00000e+00
1889  2.28800e+04  0.00000e+00
1890  2.28900e+04  0.00000e+00
1891  2.29000e+04  0.00000e+00
1892  2.29100e+04  0.00000e+00
1893  2.29200e+04  0.00000e+00
1894  2.29300e+04  0.00000e+00
1895  2.29400e+04  0.00000e+00
1896  2.29500e+04  0.00000e+00
1897  2.29600e+04  0.00000e+00
1898  2.29700e+04  0.00000e+00
1899  2.29800e+04  0.00000e+00
1900  2.29900e+04  0.00000e+00
1901  2.30000e+04  0.00000e+00
1902  2.30100e+04  0.00000e+00
1903  2.30200e+04  0.00000e+00
1904  2.30300e+04  0.00000e+00
1905  2.30400e+04  0.00000e+00
1906  2.30500e+04  0.00000e+00
1907  2.30600e+04  0.00000e+00
1908  2.30700e+04  0.00000e+00
1909  2.30800e+04  0.00000e+00
1910  2.30900e+04  0.00000e+00
1911  2.31000e+04  0.00000e+00
1912  2.31100e+04  0.00000e+00
1913  2.31200e+04  0.00000e+00
1914  2.31300e+04  0.00000e+00
1915  2.31400e+04  0.00000e+00
1916  2.31500e+04  0.00000e+00
1917  2.31600e+04  0.00000e+00
1918  2.31700e+04  0.00000e+00
1919  2.31800e+04  0.00000e+00
1920  2.31900e+04  0.00000e+00
1921  2.32000e+04  0.00000e+00
1922  2.32100e+04  0.00000e+00
1923  2.32200e+04  0.00000e+00
1924  2.32300e+04  0.00000e+00
1925  2.32400e+04  0.00000e+00
1926  2.32500e+04  0.00000e+00
1927  2.32600e+04  0.00000e+00
1928  2.32700e+04  0.00000e+00
1929  2.32800e+04  0.00000e+00
1930  2.32900e+04  0.00000e+00
1931  2.33000e+04  0.00000e+00
1932  2.33100e+04  0.00000e+00
1933  2.33200e+04  0.00000e+00
1934  2.33300e+04  0.00000e+00
1935  2.33400e+04  0.00000e+00
1936  2.33500e+04  0.00000e+00
1937  2.33600e+04  0.00000e+00
1938  2.33700e+04  0.00000e+00
1939  2.33800e+04  0.00000e+00
1940  2.33900e+04  0.00000e+00
1941  2.34000e+04  0.00000e+00
1942  2.34100e+04  0.00000e+00
1943  2.34200e+04  0.00000e+00
1944  2.34300e+04  0.00000e+00
1945  2.34400e+04  0.00000e+00
1946  2.34500e+04  0.00000e+00
1947  2.34600e+04  0.00000e+00
1948  2.34700e+04  0.00000e+00
1949  2.34800e+04  0.00000e+00
1950  2.34900e+04  0.00000e+00
1951  2.35000e+04  0.00000e+00
1952  2.35100e+04  0.00000e+00
1953  2.35200e+04  0.00000e+00
1954  2.35300e+04  0.00000e+00
1955  2.35400e+04  0.00000e+00
1956  2.35500e+04  0.00000e+00
1957  2.35600e+04  0.00000e+00
1958  2.35700e+04  0.00000e+00
1959  2.35800e+04  0.00000e+00
1960  2.35900e+04  0.00000e+00
1961  2.36000e+04  0.00000e+00
1962  2.36100e+04  0.00000e+00
1963  2.36200e+04  0.00000e+00
1964  2.36300e+04  0.00000e+00
1965  2.36400e+04  0.00000e+00
1966  2.36500e+04  0.00000e+00
1967  2.36600e+04  0.00000e+00
1968  2.36700e+04  0.00000e+00
1969  2.36800e+04  0.00000e+00
1970  2.36900e+04  0.00000e+00
1971  2.37000e+04  0.00000e+00
1972  2.37100e+04  0.00000e+00
1973  2.37200e+04  0.00000e+00
1974  2.37300e+04  0.00000e+00
1975  2.37400e+04  0.00000e+00
1976  2.37500e+04  0.00000e+00
1977  2.37600e+04  0.00000e+00
1978  2.37700e+04  0.00000e+00
1979  2.37800e+04  0.00000e+00
1980  2.37900e+04  0.00000e+00
1981  2.38000e+04  0.00000e+00
1982  2.38100e+04  0.00000e+00
1983  2.38200e+04  0.00000e+00
1984  2.38300e+04  0.00000e+00
1985  2.38400e+04  0.00000e+00
1986  2.38500e+04  0.00000e+00
1987  2.38600e+04  0.00000e+00
1988  2.38700e+04  0.00000e+00
1989  2.38800e+04  0.00000e+00
1990  2.38900e+04  0.00000e+00
1991  2.39000e+04  0.00000e+00
1992  2.39100e+04  0.00000e+00
1993  2.39200e+04  0.00000e+00
1994  2.39300e+04  0.00000e+00
1995  2.39400e+04  0.00000e+00
1996  2.39500e+04  0.00000e+00
1997  2.39600e+04  0.00000e+00
1998  2.39700e+04  0.00000e+00
1999  2.39800e+04  0.00000e+00
2000  2.39900e+04  0.00000e+00
2001  2.40000e+04  0.00000e+00
2002  2.40100e+04  0.00000e+00
2003  2.40200e+04  0.00000e+00
2004  2.40300e+04  0.00000e+00
2005  2.40400e+04  0.00000e+00
2006  2.40500e+04  0.00000e+00
2007  2.40600e+04  0.00000e+00
2008  2.40700e+04  0.00000e+00
2009  2.40800e+04  0.00000e+00
2010  2.40900e+04  0.00000e+00
2011  2.41000e+04  0.00000e+00
2012  2.41100e+04  0.00000e+00
2013  2.41200e+04  0.00000e+00
2014  2.41300e+04  0.00000e+00
2015  2.41400e+04  0.00000e+00
2016  2.41500e+04  0.00000e+00
2017  2.41600e+04  0.00000e+00
2018  2.41700e+04  0.00000e+00
2019  2.41800e+04  0.00000e+00
2020  2.41900e+04  0.00000e+00
2021  2.42000e+04  0.00000e+00
2022  2.42100e+04  0.00000e+00
2023  2.42200e+04  0.00000e+00
2024  2.42300e+04  0.00000e+00
2025  2.42400e+04  0.00000e+00
2026  2.42500e+04  0.00000e+00
2027  2.42600e+04  0.00000e+00
2028  2.42700e+04  0.00000e+00
2029  2.42800e+04  0.00000e+00
2030  2.42900e+04  0.00000e+00
2031  2.43000e+04  0.00000e+00
2032  2.43100e+04  0.00000e+00
2033  2.43200e+04  0.00000e+00
2034  2.43300e+04  0.00000e+00
2035  2.43400e+04  0.00000e+00
2036  2.43500e+04  0.00000e+00
2037  2.43600e+04  0.00000e+00
2038  2.43700e+04  0.00000e+00
2039  2.43800e+04  0.00000e+00
2040  2.43900e+04  0.00000e+00
2041  2.44000e+04  0.00000e+00
2042  2.44100e+04  0.00000e+00
2043  2.44200e+04  0.00000e+00
2044  2.44300e+04  0.00000e+00
2045  2.44400e+04  0.00000e+00
2046  2.44500e+04  0.00000e+00
2047  2.44600e+04  0.00000e+00
2048  2.44700e+04  0.00000e+00
2049  2.44800e+04  0.00000e+00
2050  2.44900e+04  0.00000e+00
2051  2.45000e+04  0.00000e+00
2052  2.45100e+04  0.00000e+00
2053  2.45200e+04  0.00000e+00
2054  2.45300e+04  0.00000e+00
2055  2.45400e+04  0.00000e+00
2056  2.45500e+04  0.00000e+00
2057  2.45600e+04  0.00000e+00
2058  2.45700e+04  0.00000e+00
2059  2.45800e+04  0.00000e+00
2060  2.45900e+04  0.00000e+00
2061  2.46000e+04  0.00000e+00
2062  2.46100e+04  0.00000e+00
2063  2.46200e+04  0.00000e+00
2064  2.46300e+04  0.00000e+00
2065  2.46400e+04  0.00000e+00
2066  2.46500e+04  0.00000e+00
2067  2.46600e+04  0.00000e+00
2068  2.46700e+04  0.00000e+00
2069  2.46800e+04  0.00000e+00
2070  2.46900e+04  0.00000e+00
2071  2.47000e+04  0.00000e+00
2072  2.47100e+04  0.00000e+00
2073  2.47200e+04  0.00000e+00
2074  2.47300e+04  0.00000e+00
2075  2.47400e+04  0.00000e+00
2076  2.47500e+04  0.00000e+00
2077  2.47600e+04  0.00000e+00
2078  2.47700e+04  0.00000e+00
2079  2.47800e+04  0.00000e+00
2080  2.47900e+04  0.00000e+00
2081  2.48000e+04  0.00000e+00
2082  2.48100e+04  0.00000e+00
2083  2.48200e+04  0.00000e+00
2084  2.48300e+04  0.00000e+00
2085  2.48400e+04  0.00000e+00
2086  2.48500e+04  0.00000e+00
2087  2.48600e+04  0.00000e+00
2088  2.48700e+04  0.00000e+00
2089  2.48800e+04  0.00000e+00
2090  2.48900e+04  0.00000e+00
2091  2.49000e+04  0.00000e+00
2092  2.49100e+04  0.00000e+00
2093  2.49200e+04  0.00000e+00
2094  2.49300e+04  0.00000e+00
2095  2.49400e+04  0.00000e+00
2096  2.49500e+04  0.00000e+00
2097  2.49600e+04  0.00000e+00
2098  2.49700e+04  0.00000e+00
2099  2.49800e+04  0.00000e+00
2100  2.49900e+04  0.00000e+00
2101  2.50000e+04  0.00000e+00
2102  2.50100e+04  0.00000e+00
2103  2.50200e+04  0.00000e+00
2104  2.50300e+04  0.00000e+00
2105  2.50400e+04  0.00000e+00
2106  2.50500e+04  0.00000e+00
2107  2.50600e+04  0.00000e+00
2108  2.50700e+04  0.00000e+00
2109  2.50800e+04  0.00000e+00
2110  2.50900e+04  0.00000e+00
2111  2.51000e+04  0.00000e+00
2112  2.51100e+04  0.00000e+00
2113  2.51200e+04  0.00000e+00
2114  2.51300e+04  0.00000e+00
2115  2.51400e+04  0.00000e+00
2116  2.51500e+04  0.00000e+00
2117  2.51600e+04  0.00000e+00
2118  2.51700e+04  0.00000e+00
2119  2.51800e+04  0.00000e+00
2120  2.51900e+04  0.00000e+00
2121  2.52000e+04  0.00000e+00
2122  2.52100e+04  0.00000e+00
2123  2.52200e+04  0.00000e+00
2124  2.52300e+04  0.00000e+00
2125  2.52400e+04  0.00000e+00
2126  2.52500e+04  0.00000e+00
2127  2.52600e+04  0.00000e+00
2128  2.52700e+04  0.00000e+00
2129  2.52800e+04  0.00000e+00
2130  2.52900e+04  0.00000e+00
2131  2.53000e+04  0.00000e+00
2132  2.53100e+04  0.00000e+00
2133  2.53200e+04  0.00000e+00
2134  2.53300e+04  0.00000e+00
2135  2.53400e+04  0.00000e+00
2136  2.53500e+04  0.00000e+00
2137  2.53600e+04  0.00000e+00
2138  2.53700e+04  0.00000e+00
2139  2.53800e+04  0.00000e+00
2140  2.53900e+04  0.00000e+00
2141  2.54000e+04  0.00000e+00
2142  2.54100e+04  0.00000e+00
2143  2.54200e+04  0.00000e+00
2144  2.54300e+04  0.00000e+00
2145  2.54400e+04  0.00000e+00
2146  2.54500e+04  0.00000e+00
2147  2.54600e+04  0.00000e+00
2148  2.54700e+04  0.00000e+00
2149  2.54800e+04  0.00000e+00
2150  2.54900e+04  0.00000e+00
2151  2.55000e+04  0.00000e+00
2152  2.55100e+04  0.00000e+00
2153  2.55200e+04  0.00000e+00
2154  2.55300e+04  0.00000e+00
2155  2.55400e+04  0.00000e+00
2156  2.55500e+04  0.00000e+00
2157  2.55600e+04  0.00000e+00
2158  2.55700e+04  0.00000e+00
2159  2.55800e+04  0.00000e+00
2160  2.55900e+04  0.00000e+00
2161  2.56000e+04  0.00000e+00
2162  2.56100e+04  0.00000e+00
2163  2.56200e+04  0.00000e+00
2164  2.56300e+04  0.00000e+00
2165  2.56400e+04  0.00000e+00
2166  2.56500e+04  0.00000e+00
2167  2.56600e+04  0.00000e+00
2168  2.56700e+04  0.00000e+00
2169  2.56800e+04  0.00000e+00
2170  2.56900e+04  0.00000e+00
2171  2.57000e+04  0.00000e+00
2172  2.57100e+04  0.00000e+00
2173  2.57200e+04  0.00000e+00
2174  2.57300e+04  0.00000e+00
2175  2.57400e+04  0.00000e+00
2176  2.57500e+04  0.00000e+00
2177  2.57600e+04  0.00000e+00
2178  2.57700e+04  0.00000e+00
2179  2.57800e+04  0.00000e+00
2180  2.57900e+04  0.00000e+00
2181  2.58000e+04  0.00000e+00
2182  2.58100e+04  0.00000e+00
2183  2.58200e+04  0.00000e+00
2184  2.58300e+04  0.00000e+00
2185  2.58400e+04  0.00000e+00
2186  2.58500e+04  0.00000e+00
2187  2.58600e+04  0.00000e+00
2188  2.58700e+04  0.00000e+00
2189  2.58800e+04  0.00000e+00
2190  2.58900e+04  0.00000e+00
2191  2.59000e+04  0.00000e+00
2192  2.59100e+04  0.00000e+00
2193  2.59200e+04  0.00000e+00
2194  2.59300e+04  0.00000e+00
2195  2.59400e+04  0.00000e+00
2196  2.59500e+04  0.00000e+00
2197  2.59600e+04  0.00000e+00
2198  2.59700e+04  0.00000e+00
2199  2.59800e+04  0.00000e+00
2200  2.59900e+04  0.00000e+00
