3.646973653999999806e+04 0.000000000000000000e+00
3.648324885000000359e+04 0.000000000000000000e+00
3.649676116000000184e+04 2.642785435802510826e-05
3.651027347000000009e+04 2.680292589907429802e-05
3.652378579000000173e+04 2.717536433620508881e-05
3.653729809999999998e+04 2.722103531369351374e-05
3.655081042000000161e+04 2.711867906651854864e-05
3.656432272999999986e+04 2.711062598155210561e-05
3.657783504000000539e+04 2.713467034290556186e-05
3.659134735999999975e+04 2.740175200653052355e-05
3.660485966999999800e+04 2.788665860848224545e-05
3.661837198999999964e+04 2.833725990518114082e-05
3.663188429999999789e+04 2.889014241148635061e-05
3.664539661999999953e+04 2.951326459044099126e-05
3.665890892999999778e+04 3.029965147651013781e-05
3.667242124999999942e+04 3.127792802466736541e-05
3.668593355999999767e+04 3.216083884625740668e-05
3.669944586999999592e+04 3.277881626192245774e-05
3.671295818999999756e+04 3.340396758796290971e-05
3.672647050000000309e+04 3.427115445329603679e-05
3.673998281999999745e+04 3.534365676790362203e-05
3.675349513000000297e+04 3.647267859013328259e-05
3.676700745000000461e+04 3.765703673575860905e-05
3.678051976000000286e+04 3.893019980453076451e-05
3.679403208000000450e+04 4.024769241384171990e-05
3.680754438999999547e+04 4.176399469030319403e-05
3.682105670000000100e+04 4.315616315298817447e-05
3.683456902000000264e+04 4.401968334079218146e-05
3.684808133000000089e+04 4.482283599238604693e-05
3.686159365000000253e+04 4.585497787676847694e-05
3.687510596000000078e+04 4.692308000918240976e-05
3.688861827999999514e+04 4.821956810861576062e-05
3.690213059000000067e+04 4.980788463317952787e-05
3.691564289999999892e+04 5.156316920580825364e-05
3.692915522000000055e+04 5.387198463274902568e-05
3.694266752999999881e+04 5.666787322528920136e-05
3.695617985000000044e+04 5.974737779698266520e-05
3.696969215999999869e+04 6.331303791748392636e-05
3.698320448000000033e+04 6.699427995674137200e-05
3.699671678999999858e+04 7.047227760894901106e-05
3.701022911000000022e+04 7.398502916677823598e-05
3.702374141999999847e+04 7.760994420315765817e-05
3.703725373000000400e+04 8.162489011343829562e-05
3.705076605000000563e+04 8.591867073030404743e-05
3.706427836000000389e+04 9.008814367780325209e-05
3.707779067999999825e+04 9.427653022311110727e-05
3.709130298999999650e+04 9.908212933211357916e-05
3.710481530999999814e+04 1.046100836106204375e-04
3.711832761999999639e+04 1.106410467217712815e-04
3.713183993000000191e+04 1.169955515503971787e-04
3.714535225000000355e+04 1.236646109943793589e-04
3.715886456000000180e+04 1.313005237702152893e-04
3.717237688000000344e+04 1.399981065360459190e-04
3.718588918999999441e+04 1.494017813263488227e-04
3.719940150999999605e+04 1.591015701170959821e-04
3.721291382000000158e+04 1.692112628206300900e-04
3.722642613999999594e+04 1.805495155618507886e-04
3.723993845000000147e+04 1.932085105842185112e-04
3.725345075999999972e+04 2.063438448491555050e-04
3.726696308000000136e+04 2.197450188006604414e-04
3.728047538999999961e+04 2.337012692847634373e-04
3.729398771000000124e+04 2.486316498352781159e-04
3.730750001999999949e+04 2.653515645758154477e-04
3.732101234000000113e+04 2.837128874091647437e-04
3.733452464999999938e+04 3.029500525497714103e-04
3.734803695999999763e+04 3.232519874512692834e-04
3.736154927999999927e+04 3.450020293718914356e-04
3.737506158999999752e+04 3.684204436742103263e-04
3.738857390999999916e+04 3.937229697864060149e-04
3.740208621999999741e+04 4.202768714157994090e-04
3.741559853999999905e+04 4.477203077683535840e-04
3.742911085000000458e+04 4.766737576870510077e-04
3.744262316999999894e+04 5.073085440888345761e-04
3.745613547999999719e+04 5.397107969675053307e-04
3.746964778999999544e+04 5.742698563478611934e-04
3.748316010999999708e+04 6.108208655444065296e-04
3.749667242000000260e+04 6.496343147095980704e-04
3.751018473999999696e+04 6.915018570096704426e-04
3.752369705000000249e+04 7.360100315959800053e-04
3.753720937000000413e+04 7.829212738822232233e-04
3.755072168000000238e+04 8.324899193808279292e-04
3.756423400000000402e+04 8.846930963251619122e-04
3.757774631000000227e+04 9.400638505877288199e-04
3.759125862000000052e+04 9.988761008559951006e-04
3.760477093999999488e+04 1.060569151980442475e-03
3.761828325000000041e+04 1.125445050896115538e-03
3.763179557000000204e+04 1.194037724990446156e-03
3.764530788000000030e+04 1.266217222412131501e-03
3.765882020000000193e+04 1.342379824265470863e-03
3.767233251000000018e+04 1.422756176324996335e-03
3.768584481999999844e+04 1.507138590837223645e-03
3.769935714000000007e+04 1.596161991563667133e-03
3.771286944999999832e+04 1.690004453016841430e-03
3.772638176999999996e+04 1.788199285169022375e-03
3.773989407999999821e+04 1.891369700566596871e-03
3.775340639999999985e+04 2.000026016751815881e-03
3.776691870999999810e+04 2.114029947867522661e-03
3.778043102999999974e+04 2.234279307082562543e-03
3.779394333999999799e+04 2.360852646429602644e-03
3.780745565000000352e+04 2.493914860588144003e-03
3.782096797000000515e+04 2.634368710468879254e-03
3.783448027999999613e+04 2.782425444995331645e-03
3.784799259999999776e+04 2.938348726272767102e-03
3.786150490999999602e+04 3.103169629870679291e-03
3.787501722999999765e+04 3.277333668550697337e-03
3.788852953999999590e+04 3.461286751318535214e-03
3.790204185000000143e+04 3.655982620269006191e-03
3.791555417000000307e+04 3.861880190732389778e-03
3.792906648000000132e+04 4.079955585114326475e-03
3.794257880000000296e+04 4.311648160616620221e-03
3.795609111000000121e+04 4.557498668274333545e-03
3.796960343000000285e+04 4.818650295648332915e-03
3.798311574000000110e+04 5.096868822600097472e-03
3.799662805999999546e+04 5.392800353647122548e-03
3.801014037000000098e+04 5.707731143417065292e-03
3.802365267999999924e+04 6.043665469665363173e-03
3.803716500000000087e+04 6.402265107748271976e-03
3.805067731000000640e+04 6.785499905444744746e-03
3.806418963000000076e+04 7.195882593392633440e-03
3.807770193999999901e+04 7.635003381760358150e-03
3.809121426000000065e+04 8.104986085493334422e-03
3.810472656999999890e+04 8.609455676405494348e-03
3.811823889000000054e+04 9.150910901291643695e-03
3.813175119999999879e+04 9.732039157369620427e-03
3.814526350999999704e+04 1.035714753423124836e-02
3.815877582999999868e+04 1.102981474080823483e-02
3.817228813999999693e+04 1.175415679532284229e-02
3.818580045999999857e+04 1.253609734328113394e-02
3.819931277000000409e+04 1.337985072732364618e-02
3.821282508999999845e+04 1.429040454295950335e-02
3.822633740000000398e+04 1.527567218374440740e-02
3.823984970999999496e+04 1.634185443213861944e-02
3.825336202999999659e+04 1.749471951512898346e-02
3.826687434000000212e+04 1.874343460649049997e-02
3.828038665999999648e+04 2.009415909386933971e-02
3.829389897000000201e+04 2.155849074946352209e-02
3.830741129000000365e+04 2.314594144281844831e-02
3.832092360000000190e+04 2.486566246479363779e-02
3.833443592000000353e+04 2.673262011998438215e-02
3.834794823000000179e+04 2.875856386895755262e-02
3.836146054000000004e+04 3.095514492117967115e-02
3.837497285999999440e+04 3.334131683036648669e-02
3.838848516999999993e+04 3.593109033367097860e-02
3.840199749000000156e+04 3.873803348951133235e-02
3.841550979999999981e+04 4.178466830292373174e-02
3.842902212000000145e+04 4.508700111852220055e-02
3.844253442999999970e+04 4.865994474264751651e-02
3.845604673999999795e+04 5.253031679469228471e-02
3.846955905999999959e+04 5.671534518153762555e-02
3.848307136999999784e+04 6.123131518065640794e-02
3.849658368999999948e+04 6.610801480535892505e-02
3.851009599999999773e+04 7.135570700476716322e-02
3.852360831999999937e+04 7.700594202180277570e-02
3.853712063000000489e+04 8.307418948189901342e-02
3.855063294999999925e+04 8.957150707713551485e-02
3.856414525999999751e+04 9.652704067959863576e-02
3.857765757000000303e+04 1.039479066633409304e-01
3.859116988999999739e+04 1.118343910669411245e-01
3.860468220000000292e+04 1.202100297570153908e-01
3.861819452000000456e+04 1.290712196653207577e-01
3.863170682999999553e+04 1.384045711891116470e-01
3.864521914999999717e+04 1.482224742960119301e-01
3.865873145999999542e+04 1.585042232205329249e-01
3.867224377000000095e+04 1.692202081965867855e-01
3.868575609000000259e+04 1.803700054559674582e-01
3.869926840000000084e+04 1.919162914612049797e-01
3.871278072000000247e+04 2.038064849906626730e-01
3.872629303000000073e+04 2.160274751128687665e-01
3.873980535000000236e+04 2.285222797213782298e-01
3.875331766000000061e+04 2.412261505296957875e-01
3.876682998000000225e+04 2.541096779680099838e-01
3.878034229000000050e+04 2.670905105600034357e-01
3.879385459999999875e+04 2.801312094841903466e-01
3.880736692000000039e+04 2.931596647696351754e-01
3.882087922999999864e+04 3.061044778712364578e-01
3.883439155000000028e+04 3.189315266052173969e-01
3.884790385999999853e+04 3.315688725288348793e-01
3.886141618000000017e+04 3.439529425497587223e-01
3.887492848999999842e+04 3.560628882077735979e-01
3.888844081000000006e+04 3.678395425104246663e-01
3.890195311999999831e+04 3.792406036314371343e-01
3.891546543000000383e+04 3.902553530039351570e-01
3.892897774999999820e+04 4.008475719380809044e-01
3.894249005999999645e+04 4.109916352560106234e-01
3.895600237999999808e+04 4.206952602867095603e-01
3.896951469000000361e+04 4.299342844986790424e-01
3.898302700999999797e+04 4.387025723449163306e-01
3.899653932000000350e+04 4.470172751364555608e-01
3.901005162999999447e+04 4.548727269028743359e-01
3.902356395000000339e+04 4.622836736298270299e-01
3.903707626000000164e+04 4.692684518117755110e-01
3.905058857999999600e+04 4.758455134596108471e-01
3.906410089000000153e+04 4.820207064553346243e-01
3.907761320999999589e+04 4.878252657496921496e-01
3.909112552000000142e+04 4.932873620263931169e-01
3.910463784000000305e+04 4.984067183075063801e-01
3.911815015000000130e+04 5.032191831269346993e-01
3.913166245999999956e+04 5.077457003133580837e-01
3.914517478000000119e+04 5.119700067572997559e-01
3.915868708999999944e+04 5.159251197746546058e-01
3.917219941000000108e+04 5.196460073890500908e-01
3.918571171999999933e+04 5.231071027379740057e-01
3.919922404000000097e+04 5.263400206839907725e-01
3.921273634999999922e+04 5.293869362390429822e-01
3.922624865999999747e+04 5.322078376190072513e-01
3.923976097999999911e+04 5.348358024614759954e-01
3.925327329000000464e+04 5.373170793795531974e-01
3.926678560999999900e+04 5.396027247649934910e-01
3.928029791999999725e+04 5.417556148966089502e-01
3.929381023999999888e+04 5.437316452116668364e-01
3.930732254999999714e+04 5.455575590028645117e-01
3.932083486999999877e+04 5.472738909577664623e-01
3.933434717999999702e+04 5.488319102706605834e-01
3.934785949000000255e+04 5.502711609769946888e-01
3.936137180999999691e+04 5.516304597016628009e-01
3.937488412000000244e+04 5.528482141761189572e-01
3.938839644000000408e+04 5.539708637593675489e-01
3.940190875000000233e+04 5.550371684677350981e-01
3.941542107000000397e+04 5.559827043452818529e-01
3.942893337999999494e+04 5.568527544682767561e-01
3.944244569000000047e+04 5.576872939563694009e-01
3.945595801000000210e+04 5.584115280725929775e-01
3.946947032000000036e+04 5.590752468831493571e-01
3.948298264000000199e+04 5.597236052144023422e-01
3.949649495000000024e+04 5.602731156658109501e-01
3.951000727000000188e+04 5.608120373569045469e-01
3.952351958000000741e+04 5.612603444819337373e-01
3.953703190000000177e+04 5.616649112951144218e-01
3.955054421000000002e+04 5.620845086433021720e-01
3.956405651999999827e+04 5.624295885898199510e-01
3.957756883999999991e+04 5.627451083679226862e-01
3.959108114999999816e+04 5.630859444293374594e-01
3.960459346999999980e+04 5.633649585660217562e-01
3.961810577999999805e+04 5.636275044539778012e-01
3.963161809999999969e+04 5.639178006070669769e-01
3.964513040999999794e+04 5.641522446621946019e-01
3.965864272999999957e+04 5.643715387211757362e-01
3.967215503999999783e+04 5.646235187521270182e-01
3.968566735000000335e+04 5.648250010361678397e-01
3.969917966999999771e+04 5.650161432832800923e-01
3.971269197999999597e+04 5.652588962713480658e-01
3.972620429999999760e+04 5.654547689844097169e-01
3.973971661000000313e+04 5.656497038271622868e-01
3.975322892999999749e+04 5.658840111108938142e-01
3.976674124000000302e+04 5.660722322503668469e-01
3.978025355000000127e+04 5.663070567140646716e-01
3.979376587000000291e+04 5.664894910066515799e-01
3.980727817999999388e+04 5.666625015637449803e-01
3.982079049999999552e+04 5.668734241060341406e-01
3.983430281000000105e+04 5.670357994186074890e-01
3.984781512999999541e+04 5.671949100303825819e-01
3.986132744000000093e+04 5.673978431942148237e-01
3.987483976000000257e+04 5.675566605738111559e-01
3.988835207000000082e+04 5.677095035738342066e-01
3.990186438000000635e+04 5.679072963760694037e-01
3.991537670000000071e+04 5.680628500499070865e-01
3.992888900999999896e+04 5.682139727025888876e-01
3.994240133000000060e+04 5.684078617291086211e-01
3.995591363999999885e+04 5.685615467613093221e-01
3.996942596000000049e+04 5.687113139355538527e-01
3.998293826999999874e+04 5.688979959250183294e-01
3.999645057999999699e+04 5.690463974929068636e-01
4.000996289999999863e+04 5.691950245384425067e-01
4.002347520999999688e+04 5.693456794877903571e-01
4.003698752999999851e+04 5.694771943279642867e-01
4.005049984000000404e+04 5.696298229125521528e-01
4.006401216000000568e+04 5.697572127484348270e-01
4.007752446999999665e+04 5.698860937908454272e-01
4.009103678999999829e+04 5.700407475710869143e-01
4.010454909999999654e+04 5.701691300422756514e-01
4.011806141000000207e+04 5.702972742446597021e-01
4.013157373000000371e+04 5.704533603570037803e-01
4.014508604000000196e+04 5.705825067242022985e-01
4.015859835999999632e+04 5.707097833606206150e-01
4.017211067000000185e+04 5.708616934733866666e-01
4.018562299000000348e+04 5.709887594538533007e-01
4.019913530000000173e+04 5.711111440730186617e-01
4.021264760999999999e+04 5.712643120840191768e-01
4.022615992999999435e+04 5.713973950400789148e-01
4.023967223999999987e+04 5.715267585280674467e-01
4.025318456000000151e+04 5.716849478537165963e-01
4.026669686999999976e+04 5.718202082754991755e-01
4.028020919000000140e+04 5.719822735314630258e-01
4.029372150000000693e+04 5.721151488704973032e-01
4.030723381999999401e+04 5.722496251317565896e-01
4.032074612999999954e+04 5.724110008096768842e-01
4.033425843999999779e+04 5.725372254296924313e-01
4.034777075999999943e+04 5.726657717572086748e-01
4.036128307000000495e+04 5.728264364804824815e-01
4.037479538999999204e+04 5.729524126601911460e-01
4.038830769999999757e+04 5.730781074499055050e-01
4.040182001999999920e+04 5.732438799218347869e-01
4.041533232999999746e+04 5.733734103525239822e-01
4.042884464999999909e+04 5.735009043887130398e-01
4.044235696000000462e+04 5.736712466675708555e-01
4.045586926999999559e+04 5.738021408895341846e-01
4.046938158999999723e+04 5.739291953692400305e-01
4.048289389999999548e+04 5.740969134712836652e-01
4.049640622000000440e+04 5.742239142482017389e-01
4.050991853000000265e+04 5.743420431649468583e-01
4.052343085000000428e+04 5.745030521159122383e-01
4.053694315999999526e+04 5.746200655256711309e-01
4.055045547000000079e+04 5.747816259735402111e-01
4.056396779000000242e+04 5.748921518902705419e-01
4.057748010000000068e+04 5.750035478143292744e-01
4.059099241999999504e+04 5.751688478819041439e-01
4.060450472999999329e+04 5.752758754735565194e-01
4.061801704999999492e+04 5.753850751317918233e-01
4.063152936000000045e+04 5.755508473571852024e-01
4.064504168000000209e+04 5.756542941804482227e-01
4.065855399000000034e+04 5.757520421744153349e-01
4.067206630000000587e+04 5.759097676623036177e-01
4.068557862000000750e+04 5.760028258636341603e-01
4.069909093000000576e+04 5.760866634610346537e-01
4.071260325000000012e+04 5.762363711627878082e-01
4.072611555999999837e+04 5.763186297614022457e-01
4.073962788000000000e+04 5.763962190376816785e-01
4.075314019000000553e+04 5.765415214997501314e-01
4.076665249999999651e+04 5.766207882690976838e-01
4.078016481999999814e+04 5.767688176312897319e-01
4.079367712999999640e+04 5.768403965050082904e-01
4.080718944999999803e+04 5.769140932689748036e-01
4.082070176000000356e+04 5.770627780222092884e-01
4.083421408000000520e+04 5.771291774933873242e-01
4.084772638999999617e+04 5.771926744921002106e-01
4.086123870999999781e+04 5.773372288701371646e-01
4.087475102000000334e+04 5.773976678757155589e-01
4.088826333000000159e+04 5.774570438663724214e-01
4.090177565000000322e+04 5.776013598496192447e-01
4.091528796000000148e+04 5.776633822368157922e-01
4.092880027999999584e+04 5.777223326324677499e-01
4.094231259000000136e+04 5.778694330125428991e-01
4.095582491000000300e+04 5.779359948985134388e-01
4.096933722000000125e+04 5.779991233038638265e-01
4.098284952999999950e+04 5.781510705948121887e-01
4.099636185000000842e+04 5.782175327710787904e-01
4.100987415999999939e+04 5.782857342836970060e-01
4.102338648000000103e+04 5.784406694924237868e-01
4.103689878999999200e+04 5.785079240911388254e-01
4.105041110999999364e+04 5.786687067109858029e-01
4.106392342000000644e+04 5.787348453323529762e-01
4.107743573999999353e+04 5.788019035994647066e-01
4.109094804999999906e+04 5.789676762574681446e-01
4.110446035999999731e+04 5.790384657195968288e-01
4.111797267999999895e+04 5.791022744326098648e-01
4.113148499000000447e+04 5.792665820013952471e-01
4.114499730999999883e+04 5.793368637079939765e-01
4.115850962000000436e+04 5.794044559789759408e-01
4.117202194000000600e+04 5.795642089608440406e-01
4.118553424999999697e+04 5.796318692493803715e-01
4.119904656999999861e+04 5.796947256400051263e-01
4.121255887999999686e+04 5.798544917037329327e-01
4.122607119000000239e+04 5.799193983880952530e-01
4.123958351000000403e+04 5.799845198822498604e-01
4.125309582000000228e+04 5.801395303689117489e-01
4.126660814000000391e+04 5.801994244817297863e-01
4.128012045000000217e+04 5.803570113644239692e-01
4.129363277000000380e+04 5.804176345281053528e-01
4.130714507999999478e+04 5.804758958574943728e-01
4.132065739000000031e+04 5.806252183240159237e-01
4.133416971000000194e+04 5.806812247239683256e-01
4.134768202000000019e+04 5.807288329957881468e-01
4.136119434000000183e+04 5.808631093080393049e-01
4.137470664999999281e+04 5.809043580905862703e-01
4.138821896999999444e+04 5.809400909865247709e-01
4.140173128000000725e+04 5.810531443699534782e-01
4.141524360000000161e+04 5.810687196598689486e-01
4.142875590999999986e+04 5.810820408741862453e-01
4.144226821999999083e+04 5.811734162048476371e-01
4.145578053999999247e+04 5.811781831053094427e-01
4.146929285000000527e+04 5.811834611420773067e-01
4.148280516999999963e+04 5.812647474118781687e-01
4.149631747999999789e+04 5.812568037293509571e-01
4.150982979999999952e+04 5.812499516410493117e-01
4.152334211000000505e+04 5.813166127292979102e-01
4.153685441999999603e+04 5.813001419414800530e-01
4.155036673999999766e+04 5.813499328991116322e-01
4.156387904999999591e+04 5.813240661396874565e-01
4.157739136999999027e+04 5.812914532102334553e-01
4.159090368000000308e+04 5.813208454858261875e-01
4.160441600000000471e+04 5.812808609502936319e-01
4.161792830999999569e+04 5.812462161145007800e-01
4.163144062999999733e+04 5.812694922614823900e-01
4.164495294000000285e+04 5.812242534581025799e-01
4.165846525000000111e+04 5.811797462583243590e-01
4.167197757000000274e+04 5.811912654147022295e-01
4.168548987999999372e+04 5.811330917242875094e-01
4.169900220000000263e+04 5.810731646359155178e-01
4.171251451000000088e+04 5.810666224422326165e-01
4.172602683000000252e+04 5.810049962394220335e-01
4.173953914000000077e+04 5.809395765146919688e-01
4.175305145999999513e+04 5.809159918064652484e-01
4.176656377000000793e+04 5.808469607133300849e-01
4.178007607999999891e+04 5.808122170930430928e-01
4.179358840000000055e+04 5.807376176548285640e-01
4.180710070999999880e+04 5.806646913241668706e-01
4.182061303000000044e+04 5.806257637174210284e-01
4.183412534000000596e+04 5.805485370445691018e-01
4.184763765999999305e+04 5.804742796599456911e-01
4.186114996999999858e+04 5.804306933124109280e-01
4.187466227999999683e+04 5.803546022768385493e-01
4.188817459999999846e+04 5.802763905161496538e-01
4.190168691000000399e+04 5.802236622295106061e-01
4.191519922999999835e+04 5.801391195445460003e-01
4.192871154000000388e+04 5.800518644040364435e-01
4.194222386000000552e+04 5.799858839958637047e-01
4.195573616999999649e+04 5.799027889948140668e-01
4.196924849000000540e+04 5.798196095427603503e-01
4.198276079999999638e+04 5.797523163835019977e-01
4.199627311000000191e+04 5.796757220376106412e-01
4.200978542999999627e+04 5.795997182113735713e-01
4.202329774000000180e+04 5.795347786038517190e-01
4.203681006000000343e+04 5.794599901458081792e-01
4.205032237000000168e+04 5.793988407990210421e-01
4.206383469000000332e+04 5.793291157938640357e-01
4.207734699999999430e+04 5.792601297974955266e-01
4.209085930999999982e+04 5.791985502787533324e-01
4.210437163000000146e+04 5.791415145990852498e-01
4.211788393999999971e+04 5.790963238830160176e-01
4.213139626000000135e+04 5.790536900075268223e-01
4.214490856999999232e+04 5.790125127119032378e-01
4.215842088999999396e+04 5.789746027341697854e-01
4.217193320000000676e+04 5.789352135553186285e-01
4.218544552000000112e+04 5.788988141937023713e-01
4.219895782999999938e+04 5.788665596139216385e-01
4.221247013999999035e+04 5.788206354711108448e-01
4.222598245999999199e+04 5.787758803282206932e-01
4.223949476999999752e+04 5.787345019623760800e-01
4.225300708999999915e+04 5.786899962870367675e-01
4.226651939999999740e+04 5.786468434731755206e-01
4.228003171999999176e+04 5.785947464810151653e-01
4.229354403000000457e+04 5.785477004280368263e-01
4.230705633999999554e+04 5.785000683886055706e-01
4.232056865999999718e+04 5.784417767321451409e-01
4.233408097000000998e+04 5.783849879097843205e-01
4.234759329000000434e+04 5.783286600573304126e-01
4.236110560000000260e+04 5.782657270449446107e-01
4.237461792000000423e+04 5.782104063411344086e-01
4.238813022999999521e+04 5.781619553329814254e-01
4.240164254999999685e+04 5.781138580599265442e-01
4.241515486000000237e+04 5.780665722001664397e-01
4.242866717000000062e+04 5.780235443787320460e-01
4.244217949000000226e+04 5.779820805148141449e-01
4.245569180000000051e+04 5.779493946446156993e-01
4.246920412000000942e+04 5.779151711524580515e-01
4.248271643000000040e+04 5.778752356862190132e-01
4.249622875000000204e+04 5.778404008899421518e-01
4.250974105999999301e+04 5.777935125175873710e-01
4.252325337999999465e+04 5.777357974798823514e-01
4.253676569000000745e+04 5.776813858344016506e-01
4.255027799999999843e+04 5.776265300350371668e-01
4.256379032000000007e+04 5.775731019352130513e-01
4.257730262999999832e+04 5.775190828756830985e-01
4.259081494999999995e+04 5.774663828050925485e-01
4.260432726000000548e+04 5.774200525621777658e-01
4.261783957999999984e+04 5.773822329556693722e-01
4.263135188999999809e+04 5.773452514213865960e-01
4.264486419999999634e+04 5.773066849084474983e-01
4.265837651999999798e+04 5.772647235930996601e-01
4.267188883000000351e+04 5.772207371697142264e-01
4.268540114999999787e+04 5.771687166846218853e-01
4.269891346000000340e+04 5.771139762282334607e-01
4.271242578000000503e+04 5.770655742782754283e-01
4.272593808999999601e+04 5.770062423194066703e-01
4.273945041000000492e+04 5.769453167039220176e-01
4.275296271999999590e+04 5.768934150433895347e-01
4.276647503000000142e+04 5.768304284853952302e-01
4.277998734999999579e+04 5.767659738486976551e-01
4.279349966000000131e+04 5.767151798109149130e-01
4.280701198000000295e+04 5.766491889799820747e-01
4.282052429000000120e+04 5.765897773980427354e-01
4.283403661000000284e+04 5.765134880419898744e-01
4.284754891999999381e+04 5.764351153731028798e-01
4.286106122999999934e+04 5.763694553824085798e-01
4.287457355000000098e+04 5.762816511155153254e-01
4.288808585999999923e+04 5.761903731754780544e-01
4.290159818000000087e+04 5.761174340613702816e-01
4.291511048999999184e+04 5.760259529385366450e-01
4.292862280999999348e+04 5.759316163355688856e-01
4.294213512000000628e+04 5.758586638049391082e-01
4.295564744000000064e+04 5.757649362375020230e-01
4.296915974999999889e+04 5.756702296017649489e-01
4.298267206000000442e+04 5.755981392381146478e-01
4.299618438000000606e+04 5.755026725862573134e-01
4.300969668999999703e+04 5.753975569669692591e-01
4.302320900999999867e+04 5.753116645934456264e-01
4.303672131999999692e+04 5.751972263106378547e-01
4.305023363999999128e+04 5.751097300662868506e-01
4.306374595000000409e+04 5.749939158478714063e-01
4.307725825999999506e+04 5.748753084438587013e-01
4.309077057999999670e+04 5.747840635933019193e-01
4.310428289000000950e+04 5.746632170528150896e-01
4.311779521000000386e+04 5.745386318901753997e-01
4.313130752000000211e+04 5.744431792590212194e-01
4.314481984000000375e+04 5.743171845682832899e-01
4.315833214999999473e+04 5.741918786430544319e-01
4.317184446999999636e+04 5.740970940194437544e-01
4.318535678000000189e+04 5.739688954323781678e-01
4.319886909000000014e+04 5.738400348013124042e-01
4.321238141000000178e+04 5.737586736420499101e-01
4.322589372000000731e+04 5.736445273010063461e-01
4.323940604000000894e+04 5.735275021586424549e-01
4.325291834999999992e+04 5.734415916497338506e-01
4.326643067000000156e+04 5.733220588957241848e-01
4.327994297999999253e+04 5.732002823233640632e-01
4.329345529999999417e+04 5.731090084943101237e-01
4.330696761000000697e+04 5.729797610820029918e-01
4.332047991999999795e+04 5.728776114103182326e-01
4.333399223999999958e+04 5.727413828799273743e-01
4.334750454999999783e+04 5.726037054338131149e-01
4.336101686999999947e+04 5.724988361218499300e-01
4.337452918000000500e+04 5.723610470939067829e-01
4.338804149999999936e+04 5.722219917584413507e-01
4.340155380999999761e+04 5.721116298602512140e-01
4.341506611999999586e+04 5.719665206187941608e-01
4.342857843999999750e+04 5.718177430581171672e-01
4.344209075000000303e+04 5.716949654566720884e-01
4.345560306999999739e+04 5.715371934982357294e-01
4.346911538000000292e+04 5.713773625285369917e-01
4.348262769999999728e+04 5.712418356011104148e-01
4.349614001000000280e+04 5.710608772234285757e-01
4.350965233000000444e+04 5.708710456493277796e-01
4.352316464000000269e+04 5.706916873948487678e-01
4.353667695000000094e+04 5.704935851314039130e-01
4.355018926999999530e+04 5.703044667269576706e-01
4.356370158000000083e+04 5.700971068164016886e-01
4.357721390000000247e+04 5.698858840647893498e-01
4.359072621000000072e+04 5.696789699720228306e-01
4.360423853000000236e+04 5.694593579350462065e-01
4.361775083999999333e+04 5.692445649304385125e-01
4.363126315000000614e+04 5.690318965091344383e-01
4.364477547000000777e+04 5.688027792563106200e-01
4.365828777999999875e+04 5.685663986139990467e-01
4.367180010000000038e+04 5.683302126767877382e-01
4.368531240999999136e+04 5.680811568533009615e-01
4.369882472999999300e+04 5.678265196214715704e-01
4.371233703999999852e+04 5.675651860312911356e-01
4.372584936000000016e+04 5.672949484539580034e-01
4.373936166999999841e+04 5.670194247993686210e-01
4.375287398000000394e+04 5.667403003627137226e-01
4.376638630000000558e+04 5.664539309485643326e-01
4.377989860999999655e+04 5.661645255174877489e-01
4.379341092999999819e+04 5.658689742320927030e-01
4.380692323999999644e+04 5.655763279989904913e-01
4.382043555999999080e+04 5.652804037343939214e-01
4.383394787000000360e+04 5.649843550109285850e-01
4.384746017999999458e+04 5.646850483068954762e-01
4.386097249999999622e+04 5.643783991042577997e-01
4.387448481000000902e+04 5.640746308864037495e-01
4.388799713000000338e+04 5.637707303353284294e-01
4.390150944000000163e+04 5.634573462079472961e-01
4.391502176000000327e+04 5.631493857421732141e-01
4.392853406999999424e+04 5.628425486702285374e-01
4.394204638999999588e+04 5.625277182387204977e-01
4.395555870000000141e+04 5.622253223403870237e-01
4.396907100999999966e+04 5.619251016986669400e-01
4.398258332999999402e+04 5.616904669645919057e-01
4.399609564000000682e+04 5.614323356923193176e-01
4.400960796000000846e+04 5.611768851343881259e-01
4.402312026999999944e+04 5.609469221214402612e-01
4.403663259000000107e+04 5.606973014466096750e-01
4.405014489999999205e+04 5.604731038445439628e-01
4.406365721999999369e+04 5.602318201582875412e-01
4.407716953000000649e+04 5.599952150335442136e-01
4.409068183999999746e+04 5.597869116014303481e-01
4.410419415999999910e+04 5.595625505724133308e-01
4.411770646999999735e+04 5.593449153818682573e-01
4.413121878999999899e+04 5.591529148849800901e-01
4.414473110000000452e+04 5.589486575705391314e-01
4.415824341999999888e+04 5.587499528811439298e-01
4.417175573000000441e+04 5.585763377175455568e-01
4.418526803999999538e+04 5.583887985213057403e-01
4.419878036000000429e+04 5.582058687314187528e-01
4.421229266999999527e+04 5.580477327571978785e-01
4.422580498999999691e+04 5.578760659846584424e-01
4.423931730000000243e+04 5.577098353137137643e-01
4.425282961999999679e+04 5.575649457533244924e-01
4.426634193000000232e+04 5.574086459603168064e-01
4.427985425000000396e+04 5.572553457499346274e-01
4.429336656000000221e+04 5.571253622979440712e-01
4.430687887000000046e+04 5.569759800085382073e-01
4.432039118999999482e+04 5.568448107425505444e-01
4.433390350000000035e+04 5.566984255242152235e-01
4.434741582000000199e+04 5.565570731544781102e-01
4.436092813000000024e+04 5.564376001296156282e-01
4.437444045000000187e+04 5.563027509139846227e-01
4.438795275999999285e+04 5.561705522821575043e-01
4.440146507000000565e+04 5.560616782575038552e-01
4.441497739000000729e+04 5.559422755989442688e-01
4.442848969999999827e+04 5.558240281849691211e-01
4.444200201999999990e+04 5.557294792307946318e-01
4.445551432999999088e+04 5.555956227411398274e-01
4.446902664999999979e+04 5.554640276598424853e-01
4.448253895999999804e+04 5.553354654759716791e-01
4.449605127999999968e+04 5.552041501039215454e-01
4.450956358999999793e+04 5.550686056640653510e-01
4.452307590000000346e+04 5.549392764536622558e-01
4.453658822000000509e+04 5.548017789988082260e-01
4.455010052999999607e+04 5.546718797143594948e-01
4.456361284999999771e+04 5.545329855151844844e-01
4.457712515999999596e+04 5.543934452765094667e-01
4.459063747999999032e+04 5.542641940219966701e-01
4.460414979000000312e+04 5.541231591557308489e-01
4.461766211000000476e+04 5.539853705233299674e-01
4.463117441999999573e+04 5.538603008571389985e-01
4.464468673000000854e+04 5.537216900875814307e-01
4.465819905000000290e+04 5.535791019198830210e-01
4.467171136000000115e+04 5.534529183604586233e-01
4.468522368000000279e+04 5.533069866734615649e-01
4.469873598999999376e+04 5.531595849862002146e-01
4.471224831000000995e+04 5.530277507123675385e-01
4.472576062000000093e+04 5.528738572262750228e-01
4.473927292999999918e+04 5.527174205576558252e-01
4.475278524999999354e+04 5.525812637831520879e-01
4.476629756000000634e+04 5.524185583473325556e-01
4.477980988000000798e+04 5.522511659557017838e-01
4.479332218999999895e+04 5.521091821493058216e-01
4.480683451000000059e+04 5.519356084920739036e-01
4.482034681999999884e+04 5.517886997917862413e-01
4.483385914000000048e+04 5.516063944180930045e-01
4.484737145000000601e+04 5.514219200288297262e-01
4.486088375999999698e+04 5.512654631401889826e-01
4.487439607999999862e+04 5.510725195470235205e-01
4.488790838999999687e+04 5.508759457245573365e-01
4.490142070999999851e+04 5.507128324509633632e-01
4.491493302000000403e+04 5.505057691934196473e-01
4.492844533999999840e+04 5.502928322958272611e-01
4.494195765000000392e+04 5.501167092137536629e-01
4.495546995999999490e+04 5.498866556419664819e-01
4.496898228000000381e+04 5.496544167393940805e-01
4.498249458999999479e+04 5.494502314338393090e-01
4.499600690999999642e+04 5.492073946886047997e-01
4.500951922000000195e+04 5.489660082497143101e-01
4.502303153999999631e+04 5.487621745740050017e-01
4.503654385000000184e+04 5.485143325406832693e-01
4.505005617000000348e+04 5.482998570219281831e-01
4.506356848000000173e+04 5.480415761258691232e-01
4.507708079000000726e+04 5.477777042260469909e-01
4.509059310999999434e+04 5.475526297348559668e-01
4.510410541999999987e+04 5.472763190450640192e-01
4.511761774000000150e+04 5.469960028687878006e-01
4.513113004999999976e+04 5.467558005815816857e-01
4.514464237000000139e+04 5.464672721746979267e-01
4.515815467999999237e+04 5.461725636696237451e-01
4.517166699000000517e+04 5.459210270324338365e-01
4.518517930999999953e+04 5.456191229447285851e-01
4.519869161999999778e+04 5.453119315435769332e-01
4.521220393999999942e+04 5.450530522588509230e-01
4.522571624999999767e+04 5.447381102820156862e-01
4.523922856999999931e+04 5.444209983864327640e-01
4.525274087999999756e+04 5.441485791487790102e-01
4.526625319999999920e+04 5.438204496872882654e-01
4.527976550999999745e+04 5.434859892364041212e-01
4.529327782000000298e+04 5.432007067233443065e-01
4.530679014000000461e+04 5.428578702896681429e-01
4.532030244999999559e+04 5.425601208731268832e-01
4.533381476999999722e+04 5.422075745251766499e-01
4.534732708000000275e+04 5.418520586013587659e-01
4.536083940000000439e+04 5.415514068249275281e-01
4.537435171000000264e+04 5.411939016586628792e-01
4.538786403000000428e+04 5.408346235260848012e-01
4.540137633999999525e+04 5.405257292261902435e-01
4.541488865000000078e+04 5.401641432194177472e-01
4.542840097000000242e+04 5.398011286058391756e-01
4.544191328000000067e+04 5.394856017573340656e-01
4.545542559999999503e+04 5.391156379845051250e-01
4.546893791000000783e+04 5.387417104919844935e-01
4.548245023000000947e+04 5.384184280817683188e-01
4.549596254000000044e+04 5.380433425541487624e-01
4.550947484999999870e+04 5.376747365432484882e-01
4.552298716999999306e+04 5.373566818256610977e-01
4.553649948000000586e+04 5.369924367507677987e-01
4.555001180000000750e+04 5.366752228237418043e-01
4.556352410999999847e+04 5.363111440739501967e-01
4.557703643000000011e+04 5.359510046027414765e-01
4.559054873999999836e+04 5.356359931041254629e-01
4.560406106000000000e+04 5.352778677795506646e-01
4.561757337000000553e+04 5.349161100444416173e-01
4.563108567999999650e+04 5.345984095231387512e-01
4.564459799999999814e+04 5.342420119095275810e-01
4.565811030999999639e+04 5.338872604506703645e-01
4.567162262999999803e+04 5.335716814132798191e-01
4.568513493999999628e+04 5.332172222655083837e-01
4.569864725999999791e+04 5.328682681992139569e-01
4.571215957000000344e+04 5.325519078885470048e-01
4.572567188000000169e+04 5.322017237893130748e-01
4.573918420000000333e+04 5.318498518227362526e-01
4.575269650999999430e+04 5.315315933440482032e-01
4.576620882999999594e+04 5.311849733334115253e-01
4.577972114000000147e+04 5.308380486470729576e-01
4.579323345999999583e+04 5.305179954944964082e-01
4.580674577000000136e+04 5.301710786413040832e-01
4.582025809000000299e+04 5.298524423150269280e-01
4.583377040000000125e+04 5.295081454720406144e-01
4.584728271000000677e+04 5.291631902256065390e-01
4.586079502999999386e+04 5.288344409057392781e-01
4.587430733999999939e+04 5.284857154251967337e-01
4.588781966000000102e+04 5.281364961992935925e-01
4.590133196999999927e+04 5.277936550679215300e-01
4.591484429000000091e+04 5.274277613830371525e-01
4.592835659999999189e+04 5.270601576845376224e-01
4.594186891000000469e+04 5.267018065266264593e-01
4.595538122999999905e+04 5.263300321996114972e-01
4.596889353999999730e+04 5.259542585040102303e-01
4.598240585999999894e+04 5.255794898191333830e-01
4.599591817000000447e+04 5.251998277813133553e-01
4.600943049000000610e+04 5.248192162266441807e-01
4.602294279999999708e+04 5.244279282626218563e-01
4.603645511999999871e+04 5.240357667109392104e-01
4.604996742999999697e+04 5.236393445474136765e-01
4.606347974000000249e+04 5.232300184955511746e-01
4.607699206000000413e+04 5.228207216165622340e-01
4.609050436999999511e+04 5.223894198834997393e-01
4.610401668999999674e+04 5.219679966601701304e-01
4.611752900000000955e+04 5.215440928043937330e-01
4.613104132000000391e+04 5.210946463088692582e-01
4.614455363000000216e+04 5.206527451233059489e-01
4.615806595000000380e+04 5.202057086249768370e-01
4.617157825999999477e+04 5.197308168032771514e-01
4.618509057000000030e+04 5.192745272209323693e-01
4.619860289000000193e+04 5.188123166174877232e-01
4.621211520000000019e+04 5.183028867002568152e-01
4.622562751999999455e+04 5.178182721682682566e-01
4.623913983000000735e+04 5.173271399600491982e-01
4.625265215000000899e+04 5.167932532846610805e-01
4.626616445999999996e+04 5.162860635997967851e-01
4.627967676999999821e+04 5.157727778110459127e-01
4.629318908999999258e+04 5.152151477972913840e-01
4.630670140000000538e+04 5.146905449612874106e-01
4.632021372000000702e+04 5.141158910382714886e-01
4.633372602999999799e+04 5.135779318343633992e-01
4.634723834999999963e+04 5.130371894649441433e-01
4.636075065999999788e+04 5.124428630273060170e-01
4.637426297999999952e+04 5.118889570213388529e-01
4.638777529000000504e+04 5.113307352001688066e-01
4.640128759999999602e+04 5.107145769492216214e-01
4.641479991999999766e+04 5.101539041972935618e-01
4.642831222999999591e+04 5.095883113500504491e-01
4.644182455000000482e+04 5.089598588747035190e-01
4.645533685999999580e+04 5.083869926770226977e-01
4.646884917999999743e+04 5.078136470048202344e-01
4.648236149000000296e+04 5.071787718570193171e-01
4.649587380000000121e+04 5.065997566461309942e-01
4.650938612000000285e+04 5.060168517126548693e-01
4.652289842999999382e+04 5.053650016797720523e-01
4.653641074999999546e+04 5.047785734602167063e-01
4.654992306000000826e+04 5.041917406901654797e-01
4.656343537999999535e+04 5.035314259013288218e-01
4.657694769000000088e+04 5.029446540580767566e-01
4.659046001000000251e+04 5.022886546300066035e-01
4.660397232000000076e+04 5.017101118522250269e-01
4.661748463000000629e+04 5.011380717367253101e-01
4.663099694999999338e+04 5.004951122433884958e-01
4.664450926000000618e+04 4.999342804225830328e-01
4.665802158000000054e+04 4.993791369081191922e-01
4.667153388999999879e+04 4.987535026439258723e-01
4.668504621000000043e+04 4.982063094723162000e-01
4.669855851999999868e+04 4.976672627113992164e-01
4.671207083000000421e+04 4.970625578402733113e-01
4.672558314999999857e+04 4.965412649738827344e-01
4.673909545999999682e+04 4.960263387108385102e-01
4.675260777999999846e+04 4.954384580883090528e-01
4.676612009000000398e+04 4.949383045247157109e-01
4.677963241000000562e+04 4.944463934752371670e-01
4.679314471999999660e+04 4.938815292136107815e-01
4.680665703999999823e+04 4.933962122312320342e-01
4.682016935000000376e+04 4.928360243482658443e-01
4.683368166000000201e+04 4.923654583870205048e-01
4.684719398000000365e+04 4.919032529723046943e-01
4.686070628999999462e+04 4.913724978712859515e-01
4.687421860999999626e+04 4.909285874687340234e-01
4.688773092000000179e+04 4.904971372948728203e-01
4.690124324000000342e+04 4.900045307009258111e-01
4.691475555000000168e+04 4.895996889739558933e-01
4.692826786999999604e+04 4.892037700980475523e-01
4.694178017999999429e+04 4.887440716563968279e-01
4.695529248999999982e+04 4.883703065156824175e-01
4.696880481000000145e+04 4.880069332861355913e-01
4.698231711999999970e+04 4.875769735348038925e-01
4.699582943999999407e+04 4.872280140001580273e-01
4.700934175000000687e+04 4.868912429748794013e-01
4.702285407000000851e+04 4.864969686568850760e-01
4.703636637999999948e+04 4.861782714974360320e-01
4.704987868999999773e+04 4.858635946552878893e-01
4.706339100999999209e+04 4.854926433830847321e-01
4.707690332000000490e+04 4.851970462478360502e-01
4.709041564000000653e+04 4.848467793499944833e-01
4.710392794999999751e+04 4.845637948471823719e-01
4.711744026999999915e+04 4.842845312306538474e-01
4.713095257999999740e+04 4.839545597861776294e-01
4.714446490000000631e+04 4.836913645186973199e-01
4.715797720999999729e+04 4.834333103699806622e-01
4.717148951999999554e+04 4.831200116144778178e-01
4.718500184000000445e+04 4.828657162748691833e-01
4.719851415000000270e+04 4.826164053717024727e-01
4.721202647000000434e+04 4.823158498029424535e-01
4.722553877999999531e+04 4.820671555082345905e-01
4.723905109999999695e+04 4.818167727254679678e-01
4.725256341000000248e+04 4.815215650670147118e-01
4.726607572000000073e+04 4.812760091977534294e-01
4.727958804000000237e+04 4.810280180302419217e-01
4.729310035000000062e+04 4.807357389087595911e-01
4.730661267000000225e+04 4.804842789641645684e-01
4.732012498000000778e+04 4.801972614418254515e-01
4.733363729999999487e+04 4.799483926046779758e-01
4.734714961000000039e+04 4.796942580896926267e-01
4.736066193000000203e+04 4.794029140264672861e-01
4.737417424000000028e+04 4.791416561269365437e-01
4.738768654999999126e+04 4.788795937578725348e-01
4.740119886999999289e+04 4.785855581762422650e-01
4.741471118000000570e+04 4.783153962359541489e-01
4.742822350000000006e+04 4.780390335743855412e-01
4.744173580999999831e+04 4.777355350806564149e-01
4.745524812999999995e+04 4.774511397128278767e-01
4.746876043999999820e+04 4.771575032130538907e-01
4.748227275999999983e+04 4.768372286089512802e-01
4.749578506999999809e+04 4.765280186728111933e-01
4.750929737999999634e+04 4.762131629890571927e-01
4.752280969999999797e+04 4.758824177776389552e-01
4.753632201000000350e+04 4.755538955108456478e-01
4.754983433000000514e+04 4.752170481138552338e-01
4.756334663999999611e+04 4.748704630413263517e-01
4.757685895999999775e+04 4.745263978421270235e-01
4.759037127000000328e+04 4.741760277422704117e-01
4.760388358000000153e+04 4.738198317162894968e-01
4.761739590000000317e+04 4.734607950111736074e-01
4.763090820999999414e+04 4.730857199129757662e-01
4.764442052999999578e+04 4.727026985456396768e-01
4.765793284000000131e+04 4.723130830164568028e-01
4.767144516000000294e+04 4.719065143403228246e-01
4.768495747000000119e+04 4.715034007750038558e-01
4.769846978999999556e+04 4.710978349643932250e-01
4.771198209999999381e+04 4.706833173724492836e-01
4.772549440999999933e+04 4.702661261297038098e-01
4.773900673000000097e+04 4.698422500879376185e-01
4.775251903999999922e+04 4.694197276691584597e-01
4.776603135999999358e+04 4.689957276357790694e-01
4.777954367000000639e+04 4.685682144772922997e-01
4.779305599000000802e+04 4.681446014652362875e-01
4.780656829999999900e+04 4.677072389075731529e-01
4.782008061000001180e+04 4.672789457358410559e-01
4.783359292999999889e+04 4.668429845525940425e-01
4.784710524000000441e+04 4.664054464299474678e-01
4.786061756000000605e+04 4.659818271764392117e-01
4.787412986999999703e+04 4.655442021927241880e-01
4.788764218999999866e+04 4.651114070977420689e-01
4.790115449999999691e+04 4.647007273241029468e-01
4.791466682000000583e+04 4.642732648813050478e-01
4.792817912999999680e+04 4.638460618225058729e-01
4.794169144000000233e+04 4.634438303000997794e-01
4.795520376000000397e+04 4.630251241031656528e-01
4.796871607000000222e+04 4.626093449516908707e-01
4.798222839000000386e+04 4.622191648546839504e-01
4.799574069999999483e+04 4.618059639519507265e-01
4.800925301999999647e+04 4.614007917248163504e-01
4.802276533000000927e+04 4.610318026719459339e-01
4.803627764000000025e+04 4.606369671818711931e-01
4.804978996000000188e+04 4.602422060008278804e-01
4.806330227000000014e+04 4.598830807254151720e-01
4.807681459000000177e+04 4.594989888539098288e-01
4.809032690000000730e+04 4.591544602537033781e-01
4.810383921999999438e+04 4.587767289394743542e-01
4.811735152999999991e+04 4.583927145935877689e-01
4.813086384999999427e+04 4.580488305968077878e-01
4.814437615999999980e+04 4.576756647509006015e-01
4.815788846999999078e+04 4.573060529521344453e-01
4.817140078999999969e+04 4.569731468996502954e-01
4.818491310000000522e+04 4.566015903714852331e-01
4.819842541999999958e+04 4.562320311040052867e-01
4.821193772999999783e+04 4.559109967223990978e-01
4.822545004999999946e+04 4.555516958863973231e-01
4.823896235999999772e+04 4.551887758598420763e-01
4.825247467999999935e+04 4.548610609245690717e-01
4.826598698999999760e+04 4.544948026566608679e-01
4.827949929999999586e+04 4.541288239337042953e-01
4.829301162000000477e+04 4.537979822373969796e-01
4.830652393000000302e+04 4.534189831321318587e-01
4.832003625000000466e+04 4.530720147048682978e-01
4.833354855999999563e+04 4.526840051349601546e-01
4.834706087999999727e+04 4.522940349626505263e-01
4.836057318999998824e+04 4.519359636570677852e-01
4.837408550000000105e+04 4.515284136354201228e-01
4.838759782000000268e+04 4.511114965020109890e-01
4.840111012999999366e+04 4.507274536818905442e-01
4.841462244999999530e+04 4.502943030072288910e-01
4.842813476000000082e+04 4.498471613185832108e-01
4.844164708000000246e+04 4.494238318290915135e-01
4.845515939000000071e+04 4.489482773683859396e-01
4.846867170999999507e+04 4.484623578089304008e-01
4.848218402000000788e+04 4.480021516327882813e-01
4.849569632999999885e+04 4.474866621890095097e-01
4.850920865000000049e+04 4.469633856758645774e-01
4.852272095999999874e+04 4.464659012725435416e-01
4.853623327999999310e+04 4.459209992823405244e-01
4.854974559000000590e+04 4.453634815989349072e-01
4.856325791000000754e+04 4.448217022696457357e-01
4.857677021999999852e+04 4.442293611636448647e-01
4.859028252999999677e+04 4.436558666741962642e-01
4.860379484999999841e+04 4.430368611056524908e-01
4.861730716000000393e+04 4.424026877082882225e-01
4.863081947999999829e+04 4.417806565562585330e-01
4.864433178999999654e+04 4.411115761847152483e-01
4.865784410999999818e+04 4.404285840049314005e-01
4.867135642000000371e+04 4.397613236260877745e-01
4.868486874000000535e+04 4.390502849708960986e-01
4.869838104999999632e+04 4.383217833694444954e-01
4.871189336000000185e+04 4.375991991992403962e-01
4.872540568000000349e+04 4.368386903416014988e-01
4.873891799000000174e+04 4.360690278511365481e-01
4.875243031000000337e+04 4.353102468434036365e-01
4.876594261999999435e+04 4.345155541954515699e-01
4.877945493999999599e+04 4.337118916785334677e-01
4.879296725000000879e+04 4.327880710063978786e-01
4.880647955999999976e+04 4.318422535222400938e-01
4.881999188000000140e+04 4.308926598499666638e-01
4.883350418999999965e+04 4.298188983205588065e-01
4.884701651000000129e+04 4.288578057462323900e-01
4.886052881999999227e+04 4.277785572101058809e-01
4.887404113999999390e+04 4.268172794630044620e-01
4.888755344999999943e+04 4.258536689435302725e-01
4.890106576999999379e+04 4.247664097952617568e-01
4.891457807999999932e+04 4.237979803287778013e-01
4.892809038999999757e+04 4.228341217934258323e-01
4.894160270999999921e+04 4.217503109982944087e-01
4.895511502000000473e+04 4.207900345177351120e-01
4.896862733999999909e+04 4.198305305123543607e-01
4.898213964999999735e+04 4.187495481456087187e-01
4.899565196999999898e+04 4.178010337641793193e-01
4.900916428000000451e+04 4.168582115000251664e-01
4.902267660000000615e+04 4.157913866943387382e-01
4.903618890999999712e+04 4.148557533173792833e-01
4.904970122000000265e+04 4.139276521937309550e-01
4.906321354000000429e+04 4.128785614473577947e-01
4.907672585000000254e+04 4.119659795065270247e-01
4.909023817000000417e+04 4.109242498444747316e-01
4.910375047999999515e+04 4.100157753703770891e-01
4.911726279999999679e+04 4.091131196734819064e-01
4.913077511000000231e+04 4.080807499548320116e-01
4.914428742000000057e+04 4.071828511550131258e-01
4.915779974000000220e+04 4.062800342460740066e-01
4.917131204999999318e+04 4.052351492548358358e-01
4.918482436999999481e+04 4.043196276992023774e-01
4.919833668000000034e+04 4.033983577143837596e-01
4.921184900000000198e+04 4.023238215807539153e-01
4.922536131000000023e+04 4.013683826895299012e-01
4.923887362999999459e+04 4.003930469105189682e-01
4.925238594000000739e+04 3.992562776065720631e-01
4.926589824999999837e+04 3.982388968636992321e-01
4.927941057000000001e+04 3.971907235844528983e-01
4.929292287999999826e+04 3.959676005253443543e-01
4.930643519999999262e+04 3.948455902183625188e-01
4.931994751000000542e+04 3.936835148796548611e-01
4.933345983000000706e+04 3.923377078717567024e-01
4.934697213999999803e+04 3.910812857694586642e-01
4.936048444999999629e+04 3.896271681765733907e-01
4.937399676999999792e+04 3.882474783123429085e-01
4.938750908000000345e+04 3.868053303809594334e-01
4.940102139999999781e+04 3.851475981605748111e-01
4.941453370999999606e+04 3.835580925940352826e-01
4.942804602999999770e+04 3.818858869794949373e-01
4.944155834000000323e+04 3.799727116177111230e-01
4.945507066000000486e+04 3.781186035009403978e-01
4.946858296999999584e+04 3.761615056223481801e-01
4.948209528000000137e+04 3.739641352390017381e-01
4.949560760000001028e+04 3.718018622921150373e-01
4.950911991000000125e+04 3.695285282435389895e-01
4.952263223000000289e+04 3.670061080634144379e-01
4.953614453999999387e+04 3.645078522110174468e-01
4.954965685999999550e+04 3.619036197312488490e-01
4.956316917000000831e+04 3.590262731271824381e-01
4.957668147999999928e+04 3.561765125134684906e-01
4.959019380000000092e+04 3.530634399929425404e-01
4.960370610999999917e+04 3.499730648979484937e-01
4.961721843000000081e+04 3.467685897069633927e-01
4.963073073999999178e+04 3.432967345860483688e-01
4.964424306000000070e+04 3.398564411183099820e-01
4.965775537000000622e+04 3.362890618506014229e-01
4.967126769000000058e+04 3.324859902855700211e-01
4.968477999999999884e+04 3.287066605500202354e-01
4.969829230999999709e+04 3.248213269033049522e-01
4.971180462999999872e+04 3.207104737354629642e-01
4.972531694000000425e+04 3.166291816179812590e-01
4.973882925999999861e+04 3.124704500364811066e-01
4.975234156999999686e+04 3.080855098594985075e-01
4.976585389000000578e+04 3.037575532380573651e-01
4.977936620000000403e+04 2.993469951913598770e-01
4.979287852000000566e+04 2.947480429883565511e-01
4.980639082999999664e+04 2.902134507400076502e-01
4.981990314000000217e+04 2.856186187773725460e-01
4.983341545999998925e+04 2.808633991183293044e-01
4.984692777000000206e+04 2.761708242367673094e-01
4.986044009000000369e+04 2.713388236824767485e-01
4.987395239999999467e+04 2.665865724217287291e-01
4.988746471999999630e+04 2.618168553737207915e-01
4.990097703000000183e+04 2.569194500768316458e-01
4.991448934000000008e+04 2.521176264148486945e-01
4.992800166000000172e+04 2.473143904597517040e-01
4.994151396999999270e+04 2.424037029471965143e-01
4.995502628999999433e+04 2.376136401173577495e-01
4.996853859999999986e+04 2.328259992352297858e-01
4.998205092000000150e+04 2.279612336577175324e-01
4.999556322999999975e+04 2.232115319279207866e-01
5.000907554999999411e+04 2.184842890018796613e-01
5.002258786000000691e+04 2.137481027907826847e-01
5.003610016999999789e+04 2.091057341232269717e-01
5.004961248999999953e+04 2.045008471461832178e-01
5.006312479999999050e+04 1.998658853921139456e-01
5.007663711999999214e+04 1.953256214734077623e-01
5.009014943000000494e+04 1.907833213516130499e-01
5.010366174999999930e+04 1.863495241364839794e-01
5.011717405999999755e+04 1.819617089536854915e-01
5.013068636999999580e+04 1.775546744481052430e-01
5.014419869000000472e+04 1.732711705072283448e-01
5.015771100000000297e+04 1.690388747980544615e-01
5.017122331999999733e+04 1.648085318182698211e-01
5.018473562999999558e+04 1.606838977492775766e-01
5.019824795000000449e+04 1.566192965968024875e-01
5.021176026000000275e+04 1.525599043602596239e-01
5.022527258000000438e+04 1.486118129728174198e-01
5.023878488999999536e+04 1.447209520245152370e-01
5.025229720000000816e+04 1.408409896584413290e-01
5.026580952000000980e+04 1.370660297244154224e-01
5.027932183000000077e+04 1.333455241137242731e-01
5.029283415000000241e+04 1.296431836797509451e-01
5.030634646000000066e+04 1.260366341880058971e-01
5.031985878000000230e+04 1.224883923823609777e-01
5.033337108999999327e+04 1.189503154358270559e-01
5.034688340999999491e+04 1.155078324461460137e-01
5.036039572000000044e+04 1.120804069095279187e-01
5.037390802999999869e+04 1.087446552816519335e-01
5.038742035000000033e+04 1.054620215384561716e-01
5.040093265999999858e+04 1.021942028768734745e-01
5.041444498000000021e+04 9.901636764216285858e-02
5.042795729000000574e+04 9.588630888025319321e-02
5.044146961000000010e+04 9.278184218323572152e-02
5.045498191999999835e+04 8.975721442944119277e-02
5.046849422999999661e+04 8.678643291395124471e-02
5.048200654999999824e+04 8.383585446329433477e-02
5.049551886000000377e+04 8.096722781987866768e-02
5.050903117999999813e+04 7.815055608010702815e-02
5.052254349000000366e+04 7.535794620417769762e-02
5.053605581000000529e+04 7.264582824694501562e-02
5.054956812000000355e+04 6.998161679614235686e-02
5.056308044000000518e+04 6.735008220393508271e-02
5.057659274999999616e+04 6.479215304057385494e-02
5.059010506000000169e+04 6.226898499370236290e-02
5.060361737999998877e+04 5.981858782588510975e-02
5.061712969000000157e+04 5.742328175012218622e-02
5.063064201000000321e+04 5.506120579988133673e-02
5.064415431999999419e+04 5.278733237093279768e-02
5.065766663999999582e+04 5.056900217978359258e-02
5.067117895000000135e+04 4.839780002884232907e-02
5.068469125999999960e+04 4.629135070540152386e-02
5.069820358000000124e+04 4.423876367050101621e-02
5.071171588999999221e+04 4.224126565924735122e-02
5.072522820999999385e+04 4.030614870399342603e-02
5.073874051999999938e+04 3.843238157864128229e-02
5.075225284000000102e+04 3.661044697602344744e-02
5.076576514999999927e+04 3.485443827978791653e-02
5.077927746999999363e+04 3.315746669251549983e-02
5.079278978000000643e+04 3.151504496138354816e-02
5.080630208999999741e+04 2.993744844416392284e-02
5.081981440999999904e+04 2.841769445274567457e-02
5.083332671999999002e+04 2.695267666306361623e-02
5.084683903999999893e+04 2.554853933305999830e-02
5.086035135000000446e+04 2.419885309443458796e-02
5.087386366999999882e+04 2.290884979093618656e-02
5.088737597999999707e+04 2.167535635082474058e-02
5.090088829000000260e+04 2.049179147356177538e-02
5.091440061000000424e+04 1.936614071246035157e-02
5.092791292000000249e+04 1.829269481070559464e-02
5.094142523999999685e+04 1.726724846538014307e-02
5.095493755000000237e+04 1.629520124030281805e-02
5.096844987000001129e+04 1.537118829993478625e-02
5.098196218000000226e+04 1.449107903948823953e-02
5.099547450000000390e+04 1.365888580591084062e-02
5.100898680999999488e+04 1.287085580066255411e-02
5.102249912000000768e+04 1.212223181065985242e-02
5.103601144000000932e+04 1.141728554988723221e-02
5.104952375000000029e+04 1.075105205681291080e-02
5.106303607000000193e+04 1.011986041317302319e-02
5.107654838000000018e+04 9.526501613574971800e-03
5.109006070000000182e+04 8.964981953477830015e-03
5.110357300999999279e+04 8.437912772895485997e-03
5.111708533000000170e+04 7.941372666426584417e-03
5.113059763999999996e+04 7.471781618207099483e-03
5.114410994999999821e+04 7.031381235711708574e-03
5.115762226999999984e+04 6.616918930194917899e-03
5.117113457999999810e+04 6.225278169294824575e-03
5.118464689999999973e+04 5.858688085820210230e-03
5.119815921000000526e+04 5.514071568854493621e-03
5.121167152999999962e+04 5.188682081271774917e-03
5.122518383999999787e+04 4.884492665683379774e-03
5.123869614999999612e+04 4.598809749133798107e-03
5.125220846999999776e+04 4.329388574068135029e-03
5.126572078000000329e+04 4.077748786346136606e-03
5.127923309999999765e+04 3.841531716494109728e-03
5.129274541000000318e+04 3.618630443081281584e-03
5.130625772999999026e+04 3.410536011677378285e-03
5.131977004000000306e+04 3.215225157921725984e-03
5.133328236000000470e+04 3.030801601168102780e-03
5.134679466999999568e+04 2.858559370446838669e-03
5.136030698000000120e+04 2.695755321753737568e-03
5.137381929999999556e+04 2.543718597704072368e-03
5.138733161000000109e+04 2.400991052589536781e-03
5.140084393000000273e+04 2.266246592744105073e-03
5.141435623999999370e+04 2.140556500487279714e-03
5.142786855999999534e+04 2.022621223174474181e-03
5.144138087000000087e+04 1.911165170918904506e-03
5.145489317999999912e+04 1.807292820475168114e-03
5.146840550000000076e+04 1.709757122834162880e-03
5.148191781000000628e+04 1.617423804496377713e-03
5.149543013000000792e+04 1.531112380538283881e-03
5.150894243999999890e+04 1.449837238090739226e-03
5.152245476000000053e+04 1.372705263875865491e-03
5.153596706999999151e+04 1.300668839173741397e-03
5.154947938999999315e+04 1.232838356905996934e-03
5.156299170000000595e+04 1.168352869082064883e-03
5.157650400999999692e+04 1.107994476651834705e-03
5.159001632999999856e+04 1.050625585972425656e-03
5.160352863999999681e+04 9.970409567342990251e-04
5.161704096000000573e+04 9.465837013383805731e-04
5.163055327000000398e+04 8.986652169326239800e-04
5.164406558999999834e+04 8.538176749067343278e-04
5.165757789999999659e+04 8.115314250742353521e-04
5.167109021000000212e+04 7.713289202745345812e-04
5.168460253000000375e+04 7.338016861739062860e-04
5.169811484000000200e+04 6.983994969934495881e-04
5.171162715999999637e+04 6.645267878982481910e-04
5.172513947000000917e+04 6.326489901037883222e-04
5.173865179000001081e+04 6.023581488630392949e-04
5.175216410000000178e+04 5.732683091744130007e-04
5.176567642000000342e+04 5.458378372181793038e-04
5.177918872999999439e+04 5.196537552803458812e-04
5.179270104000000720e+04 4.943915091503024890e-04
5.180621335999999428e+04 4.705455201705793550e-04
5.181972566999999981e+04 4.480625891460534422e-04
5.183323799000000145e+04 4.266712242042469054e-04
5.184675029999999970e+04 4.067450668614825196e-04
5.186026262000000133e+04 3.877488845801765113e-04
5.187377492999999959e+04 3.700263674742639334e-04
5.188728725000000122e+04 3.533597939628897668e-04
5.190079955999999947e+04 3.376254074951947942e-04
5.191431186999999773e+04 3.231123253653271480e-04
5.192782418999999936e+04 3.093806479121308435e-04
5.194133649999999761e+04 2.965114402212780582e-04
5.195484881999999925e+04 2.842277752690855973e-04
5.196836112999999750e+04 0.000000000000000000e+00
5.198187343999999575e+04 0.000000000000000000e+00
