2.298648794999999154e+04 0.000000000000000000e+00
2.299849760999999489e+04 0.000000000000000000e+00
2.301050726999999824e+04 1.487459444556851319e-06
2.302251693000000159e+04 1.578209871046737694e-06
2.303452659000000131e+04 1.760102898162084435e-06
2.304653624999999738e+04 2.043880068742742589e-06
2.305854590999999709e+04 2.388651316095081673e-06
2.307055557000000044e+04 2.653513967864177780e-06
2.308256523000000016e+04 3.005676767782397958e-06
2.309457488000000012e+04 3.491634355378087087e-06
2.310658453999999983e+04 3.858884226024694159e-06
2.311859419999999955e+04 4.544455730210082375e-06
2.313060385999999926e+04 5.390505743688305401e-06
2.314261351999999897e+04 6.310103862501561008e-06
2.315462317999999868e+04 7.037466203026173605e-06
2.316663284000000203e+04 8.486068730237406201e-06
2.317864249999999811e+04 9.817895650396246828e-06
2.319065215999999782e+04 1.100990868108588223e-05
2.320266181999999753e+04 1.322734690959140284e-05
2.321467148000000088e+04 1.603680928205965391e-05
2.322668113999999696e+04 1.857576210106527971e-05
2.323869080000000031e+04 2.088713387876336617e-05
2.325070046000000002e+04 2.478251754538237175e-05
2.326271012000000337e+04 2.751938462141936465e-05
2.327471976999999970e+04 3.140960961881648374e-05
2.328672942999999941e+04 3.691674028753471351e-05
2.329873908999999912e+04 4.312283592540713958e-05
2.331074874999999520e+04 4.788216962429726740e-05
2.332275840999999855e+04 5.393352960598733390e-05
2.333476806999999826e+04 6.228191217646814417e-05
2.334677772999999797e+04 6.948724224093146364e-05
2.335878739000000496e+04 7.998897323552472992e-05
2.337079705000000104e+04 9.248490762296879752e-05
2.338280671000000075e+04 1.070548375936160426e-04
2.339481637000000046e+04 1.208153645792785924e-04
2.340682603000000381e+04 1.386748872532964484e-04
2.341883568999999989e+04 1.586834962173738436e-04
2.343084534999999960e+04 1.803139476584661644e-04
2.344285500999999931e+04 2.067822165303546814e-04
2.345486465999999564e+04 2.372933386179186641e-04
2.346687431999999899e+04 2.724173949415079955e-04
2.347888398000000234e+04 3.124903759599694398e-04
2.349089364000000205e+04 3.617438443994834226e-04
2.350290329999999813e+04 4.212456193582016575e-04
2.351491296000000148e+04 4.928298525633042094e-04
2.352692262000000119e+04 5.781174716107585375e-04
2.353893228000000090e+04 6.855367646267869529e-04
2.355094193999999698e+04 8.126562241305654863e-04
2.356295160000000033e+04 9.674872580115762444e-04
2.357496126000000004e+04 1.160604983156159108e-03
2.358697091999999975e+04 1.396660584312144982e-03
2.359898058000000310e+04 1.661944914484647564e-03
2.361099023999999918e+04 1.974998811806843915e-03
2.362299989000000278e+04 2.358198051548358182e-03
2.363500955000000249e+04 2.755581162361246846e-03
2.364701920999999857e+04 3.233208959476709457e-03
2.365902887000000192e+04 3.782631989414920494e-03
2.367103853000000163e+04 4.387962297660621437e-03
2.368304819000000134e+04 4.966471260663066732e-03
2.369505784999999742e+04 5.623705364852253988e-03
2.370706751000000077e+04 6.322037024236054105e-03
2.371907717000000048e+04 7.000966485590127096e-03
2.373108683000000019e+04 7.771001875934022834e-03
2.374309648999999627e+04 8.539794514862362670e-03
2.375510614999999962e+04 9.314566002041944556e-03
2.376711580999999933e+04 1.010979463798960566e-02
2.377912546999999904e+04 1.098258495503705995e-02
2.379113512999999512e+04 1.193711271136324234e-02
2.380314477999999872e+04 1.299469818930163931e-02
2.381515444000000207e+04 1.418952307103361378e-02
2.382716410000000178e+04 1.554462921469230638e-02
2.383917375999999786e+04 1.708426437285619562e-02
2.385118342000000121e+04 1.885301469446702682e-02
2.386319308000000092e+04 2.089808808049617439e-02
2.387520274000000063e+04 2.327667043666428737e-02
2.388721239999999671e+04 2.604678971963809639e-02
2.389922206000000006e+04 2.928199406203223915e-02
2.391123171999999977e+04 3.308014850317294447e-02
2.392324137999999948e+04 3.749466577207789114e-02
2.393525103999999556e+04 4.263023146552450543e-02
2.394726070000000254e+04 4.856339114693062481e-02
2.395927036000000226e+04 5.534510930154064312e-02
2.397128002000000197e+04 6.298182154205948791e-02
2.398328966999999830e+04 7.146849376147160204e-02
2.399529932999999801e+04 8.071805534918201352e-02
2.400730899000000136e+04 9.053716508638945393e-02
2.401931864999999743e+04 1.007743555098413180e-01
2.403132830999999715e+04 1.111605188543791506e-01
2.404333796999999686e+04 1.213864249794294331e-01
2.405534763000000021e+04 1.311586503718447372e-01
2.406735729000000356e+04 1.403341694257648764e-01
2.407936694999999963e+04 1.486922855506721264e-01
2.409137661000000298e+04 1.561779584158111411e-01
2.410338627000000270e+04 1.628699274262626340e-01
2.411539593000000241e+04 1.688455290142097942e-01
2.412740558999999848e+04 1.742473342553635118e-01
2.413941525000000183e+04 1.793180593485008689e-01
2.415142491000000155e+04 1.844037683420105544e-01
2.416343455999999787e+04 1.896154526766596349e-01
2.417544421999999759e+04 1.952545491262572264e-01
2.418745387999999730e+04 2.014914692104345373e-01
2.419946354000000429e+04 2.083643928083545871e-01
2.421147320000000036e+04 2.158249944108805440e-01
2.422348286000000007e+04 2.238306289663831994e-01
2.423549251999999979e+04 2.322319768949603347e-01
2.424750218000000314e+04 2.407487005348141751e-01
2.425951183999999921e+04 2.490419638571040595e-01
2.427152149999999892e+04 2.569590671930975789e-01
2.428353116000000227e+04 2.643005647437263184e-01
2.429554082000000199e+04 2.707807874410978477e-01
2.430755047999999806e+04 2.765237512044216861e-01
2.431956013999999777e+04 2.814766683769728828e-01
2.433156980000000112e+04 2.856769189313250190e-01
2.434357945000000473e+04 2.891677262789241198e-01
2.435558911000000080e+04 2.923096642868371342e-01
2.436759877000000051e+04 2.951727510997350645e-01
2.437960843000000023e+04 2.978826739986073502e-01
2.439161809000000358e+04 3.007474513191976673e-01
2.440362774999999965e+04 3.037776905550465534e-01
2.441563740999999936e+04 3.070102346626940037e-01
2.442764706999999908e+04 3.104820229763003980e-01
2.443965673000000243e+04 3.144090108824552088e-01
2.445166638999999850e+04 3.185960462513499625e-01
2.446367604999999821e+04 3.231423695027958454e-01
2.447568570999999793e+04 3.280817368765415742e-01
2.448769537000000128e+04 3.332919209524658477e-01
2.449970502999999735e+04 3.384351217230983644e-01
2.451171468999999706e+04 3.435298006485542621e-01
2.452372434000000067e+04 3.485951172885524141e-01
2.453573400000000402e+04 3.537555452274756540e-01
2.454774366000000009e+04 3.586963901681157751e-01
2.455975331999999980e+04 3.633884073732696063e-01
2.457176297999999952e+04 3.678024971862636217e-01
2.458377264000000287e+04 3.720337470259840185e-01
2.459578229999999894e+04 3.757931521574034983e-01
2.460779195999999865e+04 3.791099947454906749e-01
2.461980161999999837e+04 3.820901623951294956e-01
2.463181128000000172e+04 3.845045344871143578e-01
2.464382093999999779e+04 3.865353446675564020e-01
2.465583059999999750e+04 3.882525050607194550e-01
2.466784026000000085e+04 3.897488688105031907e-01
2.467984992000000420e+04 3.908102217604759732e-01
2.469185958000000028e+04 3.917160609738337129e-01
2.470386923000000024e+04 3.925471096449513198e-01
2.471587888999999996e+04 3.933604986313073981e-01
2.472788854999999603e+04 3.939014477947240245e-01
2.473989820999999938e+04 3.943433378453134464e-01
2.475190786999999909e+04 3.947109679961702811e-01
2.476391752999999517e+04 3.950366704091502479e-01
2.477592718999999852e+04 3.953326935666747199e-01
2.478793685000000187e+04 3.957022353548637628e-01
2.479994651000000158e+04 3.960748049373620794e-01
2.481195617000000129e+04 3.962963822701956462e-01
2.482396583000000464e+04 3.966533824770434036e-01
2.483597549000000072e+04 3.970008402240898238e-01
2.484798515000000043e+04 3.972844065545538261e-01
2.485999481000000014e+04 3.974165364866098504e-01
2.487200445999999647e+04 3.976428572467960443e-01
2.488401411999999982e+04 3.977462964921665844e-01
2.489602377999999953e+04 3.977618344814114471e-01
2.490803344000000288e+04 3.978024777455028138e-01
2.492004309999999896e+04 3.977526785040693680e-01
2.493205276000000231e+04 3.976298786578023603e-01
2.494406242000000202e+04 3.974275158293910093e-01
2.495607208000000173e+04 3.971440643407851412e-01
2.496808173999999781e+04 3.967821599035791791e-01
2.498009140000000116e+04 3.963450279176743973e-01
2.499210106000000087e+04 3.958349322270927617e-01
2.500411072000000058e+04 3.952567494480593302e-01
2.501612038000000030e+04 3.946136398767776110e-01
2.502813004000000001e+04 3.939198463417065144e-01
2.504013969999999972e+04 3.931851928493431125e-01
2.505214934999999969e+04 3.924278088200978121e-01
2.506415900999999940e+04 3.916436609657030776e-01
2.507616867000000275e+04 3.908467150128813183e-01
2.508817833000000246e+04 3.900570621308447894e-01
2.510018798999999854e+04 3.892776529674309982e-01
2.511219764999999825e+04 3.885298071428706645e-01
2.512420731000000160e+04 3.878135902002084467e-01
2.513621697000000131e+04 3.871393276693342322e-01
2.514822662999999739e+04 3.865036568347949841e-01
2.516023628999999710e+04 3.859234659631277653e-01
2.517224595000000045e+04 3.854064407794718372e-01
2.518425561000000016e+04 3.849443859558669967e-01
2.519626526999999624e+04 3.845531811307006387e-01
2.520827492999999595e+04 3.842340768950133767e-01
2.522028458999999930e+04 3.839672648736924265e-01
2.523229424000000290e+04 3.837841690770088521e-01
2.524430389999999898e+04 3.836788142043125460e-01
2.525631355999999869e+04 3.836420068458727406e-01
2.526832322000000204e+04 3.836778776428265147e-01
2.528033288000000175e+04 3.837905833131806110e-01
2.529234253999999783e+04 3.839736300049264028e-01
2.530435219999999754e+04 3.842370293988795482e-01
2.531636186000000089e+04 3.845945995144474105e-01
2.532837152000000060e+04 3.850129476091156411e-01
2.534038117999999668e+04 3.854826318418630438e-01
2.535239083999999639e+04 3.860128695616403260e-01
2.536440049999999974e+04 3.865974551497062262e-01
2.537641016000000309e+04 3.872174575650511041e-01
2.538841982000000280e+04 3.878746103695318026e-01
2.540042947999999888e+04 3.885703177214072657e-01
2.541243912999999884e+04 3.892637979370512369e-01
2.542444879000000219e+04 3.899829801453888467e-01
2.543645844999999827e+04 3.907161115545072505e-01
2.544846810999999798e+04 3.914557898899431176e-01
2.546047777000000133e+04 3.922056422382688701e-01
2.547248743000000104e+04 3.929609458074394546e-01
2.548449708999999712e+04 3.937077280996684747e-01
2.549650674999999683e+04 3.944474794140945817e-01
2.550851641000000382e+04 3.952088821702198773e-01
2.552052607000000353e+04 3.959548888711890702e-01
2.553253572999999960e+04 3.966798991863992319e-01
2.554454538999999932e+04 3.974035927557452719e-01
2.555655505000000267e+04 3.981066054137820664e-01
2.556856471000000238e+04 3.987608881546606532e-01
2.558057436999999845e+04 3.993988955441388766e-01
2.559258401999999842e+04 4.000348936827414770e-01
2.560459367999999449e+04 4.006057956304450163e-01
2.561660333999999784e+04 4.011527432938483129e-01
2.562861300000000119e+04 4.017006252273204181e-01
2.564062266000000091e+04 4.022132801593139573e-01
2.565263232000000062e+04 4.026758191872829018e-01
2.566464198000000397e+04 4.031293185794874723e-01
2.567665164000000004e+04 4.035766039139772610e-01
2.568866129999999976e+04 4.039741985735201824e-01
2.570067096000000311e+04 4.043905630713718891e-01
2.571268062000000282e+04 4.047438119881430207e-01
2.572469027999999889e+04 4.050760287868158671e-01
2.573669993999999861e+04 4.054248694269973474e-01
2.574870960000000196e+04 4.057518057859252902e-01
2.576071926000000167e+04 4.060663525987511235e-01
2.577272891000000163e+04 4.063715557128098621e-01
2.578473857000000135e+04 4.066901459878769498e-01
2.579674823000000106e+04 4.069725318941230796e-01
2.580875789000000077e+04 4.072534160336140907e-01
2.582076755000000048e+04 4.075933603642254988e-01
2.583277721000000020e+04 4.079136657003377131e-01
2.584478686999999991e+04 4.082356574655464643e-01
2.585679652999999962e+04 4.086087227086460105e-01
2.586880618999999933e+04 4.089747240135458428e-01
2.588081584999999905e+04 4.093175342342612599e-01
2.589282550999999876e+04 4.096736740026738488e-01
2.590483516999999847e+04 4.100618973868401240e-01
2.591684482999999818e+04 4.103897337021942815e-01
2.592885448999999790e+04 4.108057093065992094e-01
2.594086413999999786e+04 4.111648455392283297e-01
2.595287380000000121e+04 4.114982947825075454e-01
2.596488346000000092e+04 4.118748221048137981e-01
2.597689312000000064e+04 4.122324802937573085e-01
2.598890277999999671e+04 4.125451030476736669e-01
2.600091244000000006e+04 4.127911046061337741e-01
2.601292209999999977e+04 4.127336544598210755e-01
2.602493175999999949e+04 4.125263986713135211e-01
2.603694141999999556e+04 4.123053492071280801e-01
2.604895107999999891e+04 4.117221343670020572e-01
2.606096073999999862e+04 4.113923350103567689e-01
2.607297039999999834e+04 4.111189899012629434e-01
2.608498005999999441e+04 4.106261049132552410e-01
2.609698972000000504e+04 4.100779466088639302e-01
2.610899938000000111e+04 4.097513382327449549e-01
2.612100903000000108e+04 4.093616659849263484e-01
2.613301868999999715e+04 4.085912331684876109e-01
2.614502834999999686e+04 4.075654805683667781e-01
2.615703801000000021e+04 4.074277573108670558e-01
2.616904766999999993e+04 4.073736554969739632e-01
2.618105732999999600e+04 4.073377120325619716e-01
2.619306698999999935e+04 4.072665873318691010e-01
2.620507664999999906e+04 4.071859470255146385e-01
2.621708631000000241e+04 4.071076366352046061e-01
2.622909597000000213e+04 4.070199929731890820e-01
2.624110563000000184e+04 4.069440715129581387e-01
2.625311529000000155e+04 4.068517895965507170e-01
2.626512495000000126e+04 4.067565937997775771e-01
2.627713461000000098e+04 4.066546379845600301e-01
2.628914427000000069e+04 4.065640345573310888e-01
2.630115392000000065e+04 4.064983246839888320e-01
2.631316358000000037e+04 4.064156260803949428e-01
2.632517323999999644e+04 4.063484946409961496e-01
2.633718289999999979e+04 4.062908591480191567e-01
2.634919256000000314e+04 4.062483479956157106e-01
2.636120222000000285e+04 4.062467811649212446e-01
2.637321187999999893e+04 4.062408568802444719e-01
2.638522153999999864e+04 4.062514716310602902e-01
2.639723120000000199e+04 4.062836325565395978e-01
2.640924086000000170e+04 4.063353780349008293e-01
2.642125051999999778e+04 4.064273130330015027e-01
2.643326018000000113e+04 4.065218405625428688e-01
2.644526984000000084e+04 4.066417626869319735e-01
2.645727950000000055e+04 4.067822550479871513e-01
2.646928915999999663e+04 4.069399781860998377e-01
2.648129881000000023e+04 4.071395281574241021e-01
2.649330847000000358e+04 4.073366091450300597e-01
2.650531813000000329e+04 4.070249696075729506e-01
2.651732778999999937e+04 4.067933598251382010e-01
2.652933744999999908e+04 4.069194544741828179e-01
2.654134711000000243e+04 4.070357025649273819e-01
2.655335677000000214e+04 4.070525810495382313e-01
2.656536642999999822e+04 4.071846099380074246e-01
2.657737608999999793e+04 4.073222882249615817e-01
2.658938575000000128e+04 4.073214734138524973e-01
2.660139541000000099e+04 4.074338680848510474e-01
2.661340506999999707e+04 4.074977312972868360e-01
2.662541473000000042e+04 4.074711221181449572e-01
2.663742439000000013e+04 4.074178725489951414e-01
2.664943404999999984e+04 4.074701163522508884e-01
2.666144369999999981e+04 4.074584479280828897e-01
2.667345335999999952e+04 4.073156066955913035e-01
2.668546302000000287e+04 4.073458981169864046e-01
2.669747267999999895e+04 4.072218777944254242e-01
2.670948233999999866e+04 4.072315616753948708e-01
2.672149199999999837e+04 4.072564301121431307e-01
2.673350166000000172e+04 4.072277526729064512e-01
2.674551131999999780e+04 4.071797722663144659e-01
2.675752097999999751e+04 4.072315720939576056e-01
2.676953063999999722e+04 4.072621463029870159e-01
2.678154030000000057e+04 4.071532842018029119e-01
2.679354995999999664e+04 4.071782578361237692e-01
2.680555962000000000e+04 4.071901656728043606e-01
2.681756927999999971e+04 4.071271455358578262e-01
2.682957894000000306e+04 4.070831014075494414e-01
2.684158858999999939e+04 4.070341247078531621e-01
2.685359824999999910e+04 4.069716950329710925e-01
2.686560790999999881e+04 4.068756073073140911e-01
2.687761757000000216e+04 4.068111533285881376e-01
2.688962722999999824e+04 4.067406266339992915e-01
2.690163688999999795e+04 4.066232674305056416e-01
2.691364654999999766e+04 4.065060092414266579e-01
2.692565621000000465e+04 4.063989255269166989e-01
2.693766587000000436e+04 4.062949818475767305e-01
2.694967553000000044e+04 4.061953036963684149e-01
2.696168519000000015e+04 4.060956932835197430e-01
2.697369485000000350e+04 4.060366472482838107e-01
2.698570451000000321e+04 4.059642301772893314e-01
2.699771416999999929e+04 4.059125042045397813e-01
2.700972382999999900e+04 4.067417173748865133e-01
2.702173347999999532e+04 4.068766085911995622e-01
2.703374313999999868e+04 4.069464149822210053e-01
2.704575279999999839e+04 4.070922239857792668e-01
2.705776246000000174e+04 4.072240826323086926e-01
2.706977212000000145e+04 4.072981615012911671e-01
2.708178178000000116e+04 4.073848895349168053e-01
2.709379144000000088e+04 4.075678444296999547e-01
2.710580110000000059e+04 4.076221240261724277e-01
2.711781076000000394e+04 4.076505503859289559e-01
2.712982042000000001e+04 4.077780368331075933e-01
2.714183007999999973e+04 4.078064685321035054e-01
2.715383973999999944e+04 4.078229462802553384e-01
2.716584940000000279e+04 4.078903310243043867e-01
2.717785905999999886e+04 4.079707675838724068e-01
2.718986871000000247e+04 4.080034456208522786e-01
2.720187837000000218e+04 4.080785451467855984e-01
2.721388802999999825e+04 4.080794899689746402e-01
2.722589769000000160e+04 4.080802590451393930e-01
2.723790735000000132e+04 4.081836813271499942e-01
2.724991701000000103e+04 4.082086458794640937e-01
2.726192666999999710e+04 4.081907731225690728e-01
2.727393633000000045e+04 4.082444587236759848e-01
2.728594599000000017e+04 4.083041462669453336e-01
2.729795564999999988e+04 4.082971485122715571e-01
2.730996530999999595e+04 4.083104022971553726e-01
2.732197496999999930e+04 4.084066387404848286e-01
2.733398462999999902e+04 4.084070638784697005e-01
2.734599428999999873e+04 4.084052528997029752e-01
2.735800395000000208e+04 4.084898018577827195e-01
2.737001360000000204e+04 4.085105515491442851e-01
2.738202326000000176e+04 4.085177491122411464e-01
2.739403292000000147e+04 4.085762367008972662e-01
2.740604257999999754e+04 4.086836525477484661e-01
2.741805224000000089e+04 4.087025992842748257e-01
2.743006190000000061e+04 4.087104163134809287e-01
2.744207156000000032e+04 4.088703998997108013e-01
2.745408121999999639e+04 4.089404500063087977e-01
2.746609087999999974e+04 4.090974487632310086e-01
2.747810053999999946e+04 4.092165203756278902e-01
2.749011019999999917e+04 4.092854146003739313e-01
2.750211985999999524e+04 4.092378744947549052e-01
2.751412951999999859e+04 4.088598478850085649e-01
2.752613918000000194e+04 4.084138824408981572e-01
2.753814884000000166e+04 4.079827591528147335e-01
2.755015848999999798e+04 4.071039913839443747e-01
2.756216815000000133e+04 4.066571135117410529e-01
2.757417781000000105e+04 4.062753959400422499e-01
2.758618746999999712e+04 4.056610814000184417e-01
2.759819712999999683e+04 4.051142880090345955e-01
2.761020679000000018e+04 4.047316382840547289e-01
2.762221644999999990e+04 4.044710206263478214e-01
2.763422610999999597e+04 4.043519185271369221e-01
2.764623576999999932e+04 4.044718619227686829e-01
2.765824543000000267e+04 4.046119785753404807e-01
2.767025509000000238e+04 4.047096491573279331e-01
2.768226475000000210e+04 4.048937097907395199e-01
2.769427440999999817e+04 4.051163631678850741e-01
2.770628407000000152e+04 4.053242592905642594e-01
2.771829373000000123e+04 4.055065886328509395e-01
2.773030337999999756e+04 4.056402915966567657e-01
2.774231303999999727e+04 4.059079404444656536e-01
2.775432269999999698e+04 4.061200790467286437e-01
2.776633236000000397e+04 4.063395137965220560e-01
2.777834202000000369e+04 4.066496592581719804e-01
2.779035167999999976e+04 4.068233892926519379e-01
2.780236134000000311e+04 4.070627484688890685e-01
2.781437100000000282e+04 4.074082978107810837e-01
2.782638066000000254e+04 4.077662261939721255e-01
2.783839031999999861e+04 4.080410899320312534e-01
2.785039998000000196e+04 4.082534944105157826e-01
2.786240964000000167e+04 4.086581584509332288e-01
2.787441930000000139e+04 4.089144677951682683e-01
2.788642895999999746e+04 4.091606306459635856e-01
2.789843862000000081e+04 4.095083691232870304e-01
2.791044827000000441e+04 4.096968112456606526e-01
2.792245793000000049e+04 4.098898943777516402e-01
2.793446759000000020e+04 4.101278096234406423e-01
2.794647724999999991e+04 4.104046232898830304e-01
2.795848691000000326e+04 4.105709023194272222e-01
2.797049656999999934e+04 4.107751331467990319e-01
2.798250622999999905e+04 4.108872468168914827e-01
2.799451588999999876e+04 4.109832570817141817e-01
2.800652555000000211e+04 4.111605234673942899e-01
2.801853520999999819e+04 4.112655646832634182e-01
2.803054486999999790e+04 4.112248534504766018e-01
2.804255453000000125e+04 4.112943194471370689e-01
2.805456419000000096e+04 4.113923327777240790e-01
2.806657384999999704e+04 4.113900591710998866e-01
2.807858350999999675e+04 4.113776034371051660e-01
2.809059316000000035e+04 4.113689236146861328e-01
2.810260282000000370e+04 4.113455505049912753e-01
2.811461247999999978e+04 4.113109447440927435e-01
2.812662213999999949e+04 4.113091873742249494e-01
2.813863179999999920e+04 4.112912675160207976e-01
2.815064146000000255e+04 4.111614726044467427e-01
2.816265111999999863e+04 4.111123362620912047e-01
2.817466077999999834e+04 4.110803844096377890e-01
2.818667043999999805e+04 4.110199141265239997e-01
2.819868010000000140e+04 4.109649865492150944e-01
2.821068975999999748e+04 4.108265786141126474e-01
2.822269941999999719e+04 4.108488943708364927e-01
2.823470908000000054e+04 4.108593066735459209e-01
2.824671874000000389e+04 4.108780394123522361e-01
2.825872839000000022e+04 4.109163331158522947e-01
2.827073804999999993e+04 4.109484608925941251e-01
2.828274770999999964e+04 4.109542291562662264e-01
2.829475736999999936e+04 4.110121822045724183e-01
2.830676702999999907e+04 4.110853990009786796e-01
2.831877668999999878e+04 4.111038463195262338e-01
2.833078634999999849e+04 4.111784133496771410e-01
2.834279600999999820e+04 4.112793056694261651e-01
2.835480567000000156e+04 4.113499645516695002e-01
2.836681533000000127e+04 4.114195997120904669e-01
2.837882499000000098e+04 4.115537046902188467e-01
2.839083465000000433e+04 4.116882925864039922e-01
2.840284431000000041e+04 4.117546055507558811e-01
2.841485397000000012e+04 4.119238076984119146e-01
2.842686362999999983e+04 4.121029503616768230e-01
2.843887327999999616e+04 4.122283788984920094e-01
2.845088293999999951e+04 4.123933949125753173e-01
2.846289259999999922e+04 4.125641503053689707e-01
2.847490225999999529e+04 4.127348596519200830e-01
2.848691191999999864e+04 4.129662134834632958e-01
2.849892158000000200e+04 4.131944936868030549e-01
2.851093124000000171e+04 4.133612485488927790e-01
2.852294090000000142e+04 4.136013909181102122e-01
2.853495056000000477e+04 4.138489081494705624e-01
2.854696022000000085e+04 4.140695522930066819e-01
2.855896988000000056e+04 4.143139336326313038e-01
2.857097954000000027e+04 4.145786644652468822e-01
2.858298920000000362e+04 4.148408315893170606e-01
2.859499885999999969e+04 4.151005141822135536e-01
2.860700851999999941e+04 4.153874939243817899e-01
2.861901817000000301e+04 4.156804594958857790e-01
2.863102782999999908e+04 4.159756945968950959e-01
2.864303749000000244e+04 4.162782491572836752e-01
2.865504715000000215e+04 4.165817296038846207e-01
2.866705681000000186e+04 4.169012177466343561e-01
2.867906646999999793e+04 4.172183189130638237e-01
2.869107613000000129e+04 4.175382520846858125e-01
2.870308579000000100e+04 4.178738469222935681e-01
2.871509544999999707e+04 4.181825685149023752e-01
2.872710511000000042e+04 4.184880912757944493e-01
2.873911477000000014e+04 4.188443024462091269e-01
2.875112442999999985e+04 4.191487435681116591e-01
2.876313408999999592e+04 4.194458775803286965e-01
2.877514374999999927e+04 4.197761032423528160e-01
2.878715340999999898e+04 4.200937047323267115e-01
2.879916306000000259e+04 4.203721021730607021e-01
2.881117271999999866e+04 4.206501039275558074e-01
2.882318237999999837e+04 4.209635496442501457e-01
2.883519204000000173e+04 4.212091632126064300e-01
2.884720170000000144e+04 4.214442759109838232e-01
2.885921135999999751e+04 4.217187446068464407e-01
2.887122101999999722e+04 4.219394829801156321e-01
2.888323068000000058e+04 4.221325570583768227e-01
2.889524034000000029e+04 4.223347272696242882e-01
2.890724999999999636e+04 4.225312595287072925e-01
2.891925965999999607e+04 4.226847629561151232e-01
2.893126931999999942e+04 4.228201965301359166e-01
2.894327897999999914e+04 4.229670011183014888e-01
2.895528864000000249e+04 4.230606459702906386e-01
2.896729830000000220e+04 4.231430753229128983e-01
2.897930795000000217e+04 4.231958653453503638e-01
2.899131761000000188e+04 4.232222401419749591e-01
2.900332726999999795e+04 4.232250786001536258e-01
2.901533692999999766e+04 4.232061481906298495e-01
2.902734659000000102e+04 4.231734287424655516e-01
2.903935625000000073e+04 4.231161545732399221e-01
2.905136590999999680e+04 4.229893048359688046e-01
2.906337556999999651e+04 4.228909493572513556e-01
2.907538523000000350e+04 4.227738981419431052e-01
2.908739489000000322e+04 4.225772397332068220e-01
2.909940454999999929e+04 4.223879068541527837e-01
2.911141420999999900e+04 4.222116469032932695e-01
2.912342387000000235e+04 4.219850252914844613e-01
2.913543353000000207e+04 4.216979269760049998e-01
2.914744318999999814e+04 4.214801531615343100e-01
2.915945283999999810e+04 4.212528879655604297e-01
2.917146249999999782e+04 4.208688811463540125e-01
2.918347215999999753e+04 4.206026587140566653e-01
2.919548182000000088e+04 4.202331505742876727e-01
2.920749148000000059e+04 4.199157172491468359e-01
2.921950114000000394e+04 4.196588726761005805e-01
2.923151080000000366e+04 4.193320327015995219e-01
2.924352045999999973e+04 4.189436845919869978e-01
2.925553011999999944e+04 4.186951133125167424e-01
2.926753978000000279e+04 4.184549363589712967e-01
2.927954944000000251e+04 4.180366660511029564e-01
2.929155909999999858e+04 4.177831601714048215e-01
2.930356875999999829e+04 4.175747128111281792e-01
2.931557842000000164e+04 4.172607466082420835e-01
2.932758808000000136e+04 4.169822106106382265e-01
2.933959773000000132e+04 4.168198246244920191e-01
2.935160739000000103e+04 4.166241497958039219e-01
2.936361705000000075e+04 4.163348984562447175e-01
2.937562671000000410e+04 4.162329891711685770e-01
2.938763637000000017e+04 4.161517102336627083e-01
2.939964602999999988e+04 4.159432605645791425e-01
2.941165568999999959e+04 4.159010366770234945e-01
2.942366535000000295e+04 4.159345807701940179e-01
2.943567500999999902e+04 4.159164873629537795e-01
2.944768466999999873e+04 4.158995611616510546e-01
2.945969433000000208e+04 4.159715815661865768e-01
2.947170398999999816e+04 4.160050303604500010e-01
2.948371364999999787e+04 4.161526326392605002e-01
2.949572330999999758e+04 4.163181650926270905e-01
2.950773295999999755e+04 4.164220984085083566e-01
2.951974262000000090e+04 4.166073871135346218e-01
2.953175228000000061e+04 4.168572506790745869e-01
2.954376194000000032e+04 4.170630102319494714e-01
2.955577159999999640e+04 4.172720425645212727e-01
2.956778125999999975e+04 4.175330151703732229e-01
2.957979091999999946e+04 4.177971113468153530e-01
2.959180057999999917e+04 4.180705036378623562e-01
2.960381023999999525e+04 4.183500811223522797e-01
2.961581989999999860e+04 4.186276920771991872e-01
2.962782955999999831e+04 4.189179997824530322e-01
2.963983921999999802e+04 4.192047438948147131e-01
2.965184887999999410e+04 4.195064588876794565e-01
2.966385854000000472e+04 4.197972040628624724e-01
2.967586820000000080e+04 4.201050505206359031e-01
2.968787785000000076e+04 4.203755404634592074e-01
2.969988750999999684e+04 4.207139039650422685e-01
2.971189717000000019e+04 4.209693083048560158e-01
2.972390682999999990e+04 4.211876334167024005e-01
2.973591648999999961e+04 4.214816438343386151e-01
2.974792614999999569e+04 4.217276942021606079e-01
2.975993580999999904e+04 4.219181497683479609e-01
2.977194546999999875e+04 4.221751152945659724e-01
2.978395512999999846e+04 4.224587605920444022e-01
2.979596479000000181e+04 4.226230799580109609e-01
2.980797445000000153e+04 4.227869500758817400e-01
2.981998411000000124e+04 4.231176741526568308e-01
2.983199377000000095e+04 4.233232012781508180e-01
2.984400343000000066e+04 4.234757245377038792e-01
2.985601309000000037e+04 4.237365137522472458e-01
2.986802274000000034e+04 4.239798400353319008e-01
2.988003240000000005e+04 4.241488481866749760e-01
2.989204205999999613e+04 4.243406497017954693e-01
2.990405171999999948e+04 4.246623055740728625e-01
2.991606138000000283e+04 4.248149041609352028e-01
2.992807104000000254e+04 4.249714745510027036e-01
2.994008069999999861e+04 4.253282747722791912e-01
2.995209036000000197e+04 4.255528370613971823e-01
2.996410002000000168e+04 4.258512262959755490e-01
2.997610968000000139e+04 4.261412949894503588e-01
2.998811933999999746e+04 4.263447865576110996e-01
3.000012900000000081e+04 4.266282217684462807e-01
3.001213866000000053e+04 4.270201889566482278e-01
3.002414832000000024e+04 4.272629107372508117e-01
3.003615797999999631e+04 4.275207806757181372e-01
3.004816762999999992e+04 4.279400643846638097e-01
3.006017729000000327e+04 4.282943559851580817e-01
3.007218695000000298e+04 4.285954089492671759e-01
3.008419660999999905e+04 4.289812302308886882e-01
3.009620626999999877e+04 4.294030507524772555e-01
3.010821593000000212e+04 4.297333668086533165e-01
3.012022559000000183e+04 4.301090587631078432e-01
3.013223524999999790e+04 4.305778896482262974e-01
3.014424491000000125e+04 4.309337853258944362e-01
3.015625457000000097e+04 4.312932211356440559e-01
3.016826423000000068e+04 4.317221842206507287e-01
3.018027388999999675e+04 4.321419466471800308e-01
3.019228355000000010e+04 4.325360620851242399e-01
3.020429320999999982e+04 4.329350184082664255e-01
3.021630286999999953e+04 4.332849159578002762e-01
3.022831251999999949e+04 4.336304432438425893e-01
3.024032217999999921e+04 4.340161968789668090e-01
3.025233184000000256e+04 4.343336490966341890e-01
3.026434150000000227e+04 4.346398707425462860e-01
3.027635115999999834e+04 4.349287379265530662e-01
3.028836081999999806e+04 4.351985847843994892e-01
3.030037048000000141e+04 4.354717387067122414e-01
3.031238013999999748e+04 4.357047764918395294e-01
3.032438979999999719e+04 4.359050510620315899e-01
3.033639945999999691e+04 4.361059400930176744e-01
3.034840912000000026e+04 4.362872614024141948e-01
3.036041877999999633e+04 4.364091759010859106e-01
3.037242843999999604e+04 4.365340046995830336e-01
3.038443810000000303e+04 4.366440532988237755e-01
3.039644776000000275e+04 4.366876667606233164e-01
3.040845740999999907e+04 4.367235932406591803e-01
3.042046706999999878e+04 4.368046501893735334e-01
3.043247672999999850e+04 4.368228246396352876e-01
3.044448639000000185e+04 4.367636765922678355e-01
3.045649604999999792e+04 4.367688655563393141e-01
3.046850570999999763e+04 4.366665910615836754e-01
3.048051536999999735e+04 4.366535741604675169e-01
3.049252503000000070e+04 4.366251608338171941e-01
3.050453469000000405e+04 4.365228127954562942e-01
3.051654435000000012e+04 4.364111143467170328e-01
3.052855400999999983e+04 4.363528302561314187e-01
3.054056367000000319e+04 4.362933393767645662e-01
3.055257333000000290e+04 4.361543668938610563e-01
3.056458298999999897e+04 4.361074227434349471e-01
3.057659263999999894e+04 4.360709733952779499e-01
3.058860229999999501e+04 4.359692850924740681e-01
3.060061195999999836e+04 4.359562975620925318e-01
3.061262161999999807e+04 4.359836871228298105e-01
3.062463128000000142e+04 4.359940197665462258e-01
3.063664094000000478e+04 4.360103998723828256e-01
3.064865060000000085e+04 4.360962785789808671e-01
3.066066026000000056e+04 4.362227970791189291e-01
3.067266992000000027e+04 4.362928849930978181e-01
3.068467958000000363e+04 4.364410736627541976e-01
3.069668923999999970e+04 4.366064596987327406e-01
3.070869889999999941e+04 4.367585623779368098e-01
3.072070855999999912e+04 4.369599239225045451e-01
3.073271822000000247e+04 4.371573032017395111e-01
3.074472787999999855e+04 4.373591158948216262e-01
3.075673753000000215e+04 4.375792718831874595e-01
3.076874719000000186e+04 4.377978092865036919e-01
3.078075684999999794e+04 4.380442853978839257e-01
3.079276651000000129e+04 4.382489593776601189e-01
3.080477617000000100e+04 4.384358758620778285e-01
3.081678583000000071e+04 4.386239396217445630e-01
3.082879549000000407e+04 4.387604184814805630e-01
3.084080515000000014e+04 4.388600896633065851e-01
3.085281480999999985e+04 4.388877128144220707e-01
3.086482446999999956e+04 4.388641680251106902e-01
3.087683413000000292e+04 4.387040033787928395e-01
3.088884378999999899e+04 4.384351722496269699e-01
3.090085344999999870e+04 4.381339544413786480e-01
3.091286310999999841e+04 4.375994741869752014e-01
3.092487277000000176e+04 4.368847580177758205e-01
3.093688242000000173e+04 4.360348594996651950e-01
3.094889208000000144e+04 4.349621860827590503e-01
3.096090174000000115e+04 4.336594965355639597e-01
3.097291139999999723e+04 4.321147531391479890e-01
3.098492106000000058e+04 4.301858625553831583e-01
3.099693072000000029e+04 4.279391517973327730e-01
3.100894038000000000e+04 4.254586720635198382e-01
3.102095003999999608e+04 4.225221761177528346e-01
3.103295969999999943e+04 4.191403697621814417e-01
3.104496935999999914e+04 4.154106649596746026e-01
3.105697901999999885e+04 4.112200904488826914e-01
3.106898867999999857e+04 4.064864865404592131e-01
3.108099833999999828e+04 4.013200383125912207e-01
3.109300800000000163e+04 3.957202702325713362e-01
3.110501766000000134e+04 3.894950154107381102e-01
3.111702730999999767e+04 3.827607740957366667e-01
3.112903697000000102e+04 3.756232905380148535e-01
3.114104663000000073e+04 3.679267454053131159e-01
3.115305628999999681e+04 3.596848153486505439e-01
3.116506594999999652e+04 3.510293242268301417e-01
3.117707560999999987e+04 3.419485998769571378e-01
3.118908526999999958e+04 3.323736555886241395e-01
3.120109492999999566e+04 3.224489400547339568e-01
3.121310458999999537e+04 3.122657568413262918e-01
3.122511425000000236e+04 3.016926343636133212e-01
3.123712391000000207e+04 2.909435472263617317e-01
3.124913357000000178e+04 2.799544863934277372e-01
3.126114322999999786e+04 2.688204390717273129e-01
3.127315289000000121e+04 2.576165508392008752e-01
3.128516255000000092e+04 2.463939231833567056e-01
3.129717219999999725e+04 2.351560828453493346e-01
3.130918185999999696e+04 2.239938382089623481e-01
3.132119152000000031e+04 2.130128665213009420e-01
3.133320118000000002e+04 2.021475381760232670e-01
3.134521084000000337e+04 1.915048817933228120e-01
3.135722049999999945e+04 1.811489283796198779e-01
3.136923016000000280e+04 1.710749312564618652e-01
3.138123982000000251e+04 1.613239515834734850e-01
3.139324948000000222e+04 1.519252494231931316e-01
3.140525913999999830e+04 1.429109398480254423e-01
3.141726880000000165e+04 1.342663455884977874e-01
3.142927846000000136e+04 1.260212069215649877e-01
3.144128812000000107e+04 1.181992445930454411e-01
3.145329777999999715e+04 1.107603545904598946e-01
3.146530744000000050e+04 1.037318613118612259e-01
3.147731709000000410e+04 9.709472953332753953e-02
3.148932675000000017e+04 9.084205304779419121e-02
3.150133640999999989e+04 8.497155217924699799e-02
3.151334606999999960e+04 7.946454895840951438e-02
3.152535573000000295e+04 7.430208058735966736e-02
3.153736538999999902e+04 6.947644546994218018e-02
3.154937504999999874e+04 6.497462742849419159e-02
3.156138471000000209e+04 6.077361841447564972e-02
3.157339437000000180e+04 5.685594022189564833e-02
3.158540402999999787e+04 5.320822482599158604e-02
3.159741368999999759e+04 4.981568718043217353e-02
3.160942335000000094e+04 4.665930393986737756e-02
3.162143301000000065e+04 4.372807253520393650e-02
3.163344266999999672e+04 4.100189640276319381e-02
3.164545232999999644e+04 3.846723116454060093e-02
3.165746198000000004e+04 3.611399415773246940e-02
3.166947164000000339e+04 3.392675001904840726e-02
3.168148129999999946e+04 3.189660109232690666e-02
3.169349095999999918e+04 3.000695585080813063e-02
3.170550061999999889e+04 2.825123234432747044e-02
3.171751028000000224e+04 2.661870170372531569e-02
3.172951993999999831e+04 2.510032940022084366e-02
3.174152959999999803e+04 2.368888400613396866e-02
3.175353925999999774e+04 2.237275672007719637e-02
3.176554892000000109e+04 2.114863134173113404e-02
3.177755857999999716e+04 2.000730613706441438e-02
3.178956823999999688e+04 1.894390173856200926e-02
3.180157790000000023e+04 1.795186923179761460e-02
3.181358756000000358e+04 1.702418575596207836e-02
3.182559720999999990e+04 1.615821563563748023e-02
3.183760686999999962e+04 1.534762528017651929e-02
3.184961652999999933e+04 1.459052711095337046e-02
3.186162618999999904e+04 1.388075712700684305e-02
3.187363584999999875e+04 1.321583710583896371e-02
3.188564550999999847e+04 1.259231970004796169e-02
3.189765516999999818e+04 1.200649217212168031e-02
3.190966482999999789e+04 1.145773322156865177e-02
3.192167448999999760e+04 1.094140177279073062e-02
3.193368415000000095e+04 1.045646347267370144e-02
3.194569381000000067e+04 9.999094148108345070e-03
3.195770347000000402e+04 9.568530781005430905e-03
3.196971313000000009e+04 9.162234208775552405e-03
3.198172278999999980e+04 8.778138292582400581e-03
3.199373245000000315e+04 8.415373163926018890e-03
3.200574209999999948e+04 8.069675402420912677e-03
3.201775175999999919e+04 7.742465825257004684e-03
3.202976141999999891e+04 7.431220858982373612e-03
3.204177107999999498e+04 7.135283047647934286e-03
3.205378074000000561e+04 6.853696314561176853e-03
3.206579040000000168e+04 6.584413763099852303e-03
3.207780006000000139e+04 6.328650733513636883e-03
3.208980972000000111e+04 6.083612468575005580e-03
3.210181938000000446e+04 5.850786490667780892e-03
3.211382904000000053e+04 5.627311822093614829e-03
3.212583870000000024e+04 5.412354639257314914e-03
3.213784835999999996e+04 5.207270494582009850e-03
3.214985802000000331e+04 5.009378966449718092e-03
3.216186767999999938e+04 4.820061847443362496e-03
3.217387733999999909e+04 4.636389044828560443e-03
3.218588699000000270e+04 4.459217393781057803e-03
3.219789664999999877e+04 4.288657822759132932e-03
3.220990631000000212e+04 4.123377212892940374e-03
3.222191597000000183e+04 3.965100395672200781e-03
3.223392563000000155e+04 3.810505797499490980e-03
3.224593529000000126e+04 3.661388933232829351e-03
3.225794495000000097e+04 3.517051230217077377e-03
3.226995461000000068e+04 3.377109825847741855e-03
3.228196427000000040e+04 3.242124792645237081e-03
3.229397393000000011e+04 3.110168577646326999e-03
3.230598358999999982e+04 2.983207430718741796e-03
3.231799324999999953e+04 2.859180320790692849e-03
3.233000290999999925e+04 2.739182795247969201e-03
3.234201256999999896e+04 2.623125304193974720e-03
3.235402222999999867e+04 2.509577703819585327e-03
3.236603188000000227e+04 2.400380495495420437e-03
3.237804153999999835e+04 2.294071680554255269e-03
3.239005119999999806e+04 2.191519432742075960e-03
3.240206086000000141e+04 2.091604186815093289e-03
3.241407052000000112e+04 1.994869093372436328e-03
3.242608017999999720e+04 1.902145856102798946e-03
3.243808983999999691e+04 1.811285813871310341e-03
3.245009950000000026e+04 1.724683266251010464e-03
3.246210915999999997e+04 1.641115401334097964e-03
3.247411881999999605e+04 1.560592871675213966e-03
3.248612847999999940e+04 1.483757263097236533e-03
3.249813813999999911e+04 1.408899728487412019e-03
3.251014779999999882e+04 1.337465434204351865e-03
3.252215746000000217e+04 1.268397916237882107e-03
3.253416712000000553e+04 1.202546292245133125e-03
3.254617677000000185e+04 1.139616399636193041e-03
3.255818643000000156e+04 1.078513437416361940e-03
3.257019608999999764e+04 1.020982753029341279e-03
3.258220574999999735e+04 9.653507383598040892e-04
3.259421541000000070e+04 9.124288624515673697e-04
3.260622507000000041e+04 8.621788728451005700e-04
3.261823472999999649e+04 8.140393735772679870e-04
3.263024438999999620e+04 7.688704913110970063e-04
3.264225405000000319e+04 7.248433164670450325e-04
3.265426371000000290e+04 6.830791430150914790e-04
3.266627336999999898e+04 6.432505486011181424e-04
3.267828302999999869e+04 6.050378261461279630e-04
3.269029269000000204e+04 5.696973425187288513e-04
3.270230235000000175e+04 5.356400590043623646e-04
3.271431200999999783e+04 5.037160758692848942e-04
3.272632165999999779e+04 4.733669318411007224e-04
3.273833132000000114e+04 4.444555505258225873e-04
3.275034097999999722e+04 4.180968691309139566e-04
3.276235063999999693e+04 3.926137053511178352e-04
3.277436030000000028e+04 3.693987536155226366e-04
3.278636996000000363e+04 3.475134987995409826e-04
3.279837961999999970e+04 3.263460746309784625e-04
3.281038928000000305e+04 3.071671361156095149e-04
3.282239893999999913e+04 2.885457701868136002e-04
3.283440860000000248e+04 2.715454175692890316e-04
3.284641825999999855e+04 2.552770908757546098e-04
3.285842792000000190e+04 2.400708763563313584e-04
3.287043757999999798e+04 2.266380602353173926e-04
3.288244724000000133e+04 2.133531293785997137e-04
3.289445689000000129e+04 2.015849368983621277e-04
3.290646655000000464e+04 1.903216236472735491e-04
3.291847621000000072e+04 1.798008390905882236e-04
3.293048587000000407e+04 1.705077180969084057e-04
3.294249553000000014e+04 1.611794754453461887e-04
3.295450519000000349e+04 1.527742652041440437e-04
3.296651484999999957e+04 1.444855183658641453e-04
3.297852451000000292e+04 1.366054860022249660e-04
3.299053416999999899e+04 1.296433602570082040e-04
3.300254383000000234e+04 1.224671801989981029e-04
3.301455348999999842e+04 1.160051181365860288e-04
3.302656315000000177e+04 1.098326992028201692e-04
3.303857280999999784e+04 1.039966986320985684e-04
3.305058247000000119e+04 9.916507367817684428e-05
3.306259212999999727e+04 9.420161034505515119e-05
3.307460177999999723e+04 8.988980602925361531e-05
3.308661144000000058e+04 8.583398710810118018e-05
3.309862110000000393e+04 8.197885629496954913e-05
3.311063076000000001e+04 7.882396682300815520e-05
3.312264041999999608e+04 7.552148342723723055e-05
3.313465007999999943e+04 7.281090950154502919e-05
3.314665974000000278e+04 7.027203705284295200e-05
3.315866939999999886e+04 6.775220381598432416e-05
3.317067906000000221e+04 6.608616164928920013e-05
3.318268871999999828e+04 6.411552967601346373e-05
3.319469838000000163e+04 6.231126719907728346e-05
3.320670803999999771e+04 6.055193149856005915e-05
3.321871770000000106e+04 5.886447035459837975e-05
3.323072735999999713e+04 5.804283272140869823e-05
3.324273702000000048e+04 5.677029065075876431e-05
3.325474667000000045e+04 5.517788315897072937e-05
3.326675632999999652e+04 5.375949633254962259e-05
3.327876598999999987e+04 5.249591785409493178e-05
3.329077565000000322e+04 5.171953314264478204e-05
3.330278530999999930e+04 5.084754040329909826e-05
3.331479496999999537e+04 4.947270910654091148e-05
3.332680462999999872e+04 4.815478608299748913e-05
3.333881428999999480e+04 4.656405552026715236e-05
3.335082394999999815e+04 4.532804183691671335e-05
3.336283361000000150e+04 4.379067352497578107e-05
3.337484327000000485e+04 4.215236698525287471e-05
3.338685293000000092e+04 4.081013368851244666e-05
3.339886258999999700e+04 3.945476144649336759e-05
3.341087225000000035e+04 3.875980719746252324e-05
3.342288191000000370e+04 3.805012516636321890e-05
3.343489155999999639e+04 3.695888821417969055e-05
3.344690121999999974e+04 3.621951474078677157e-05
3.345891087999999581e+04 3.551038611038567902e-05
3.347092053999999916e+04 3.473845711541602015e-05
3.348293020000000251e+04 3.392782943677086211e-05
3.349493985999999859e+04 3.292731404524182267e-05
3.350694952000000194e+04 3.224634741858732986e-05
3.351895918000000529e+04 3.159343556702733178e-05
3.353096884000000136e+04 3.112157922855285326e-05
3.354297849999999744e+04 3.080506007517209185e-05
3.355498816000000079e+04 3.027961242673295935e-05
3.356699782000000414e+04 2.981953564277278545e-05
3.357900748000000021e+04 2.933000884523160695e-05
3.359101713999999629e+04 2.871245686325039890e-05
3.360302679999999964e+04 2.825423254965423031e-05
3.361503644999999960e+04 2.774303213792030063e-05
3.362704611000000295e+04 2.741711442319056627e-05
3.363905576999999903e+04 2.724748214556450631e-05
3.365106543000000238e+04 2.700192129901134522e-05
3.366307509000000573e+04 2.704202597515110678e-05
3.367508475000000180e+04 2.736139422212665080e-05
3.368709440999999788e+04 2.763650262643715583e-05
3.369910407000000123e+04 2.782733155411836804e-05
3.371111373000000458e+04 2.763109181104638911e-05
3.372312339000000065e+04 2.740057992746861124e-05
3.373513304999999673e+04 2.727020098465236740e-05
3.374714271000000008e+04 2.726495716097379003e-05
3.375915237000000343e+04 2.734862099328186165e-05
3.377116202999999950e+04 2.733706931727263782e-05
3.378317168999999558e+04 2.733092543852760971e-05
3.379518134000000282e+04 2.776342149294273967e-05
3.380719099999999889e+04 2.838672881517727517e-05
3.381920066000000224e+04 2.893679084252908653e-05
3.383121031999999832e+04 2.925489298663146964e-05
3.384321998000000167e+04 2.924029639594264175e-05
3.385522963999999774e+04 2.931246751919625219e-05
3.386723930000000109e+04 2.946561245771133337e-05
3.387924895999999717e+04 2.972190252343492593e-05
3.389125862000000052e+04 2.988740792793003200e-05
3.390326828000000387e+04 2.969607048939241443e-05
3.391527793999999994e+04 2.953227325254073661e-05
3.392728759999999602e+04 2.998314133233658180e-05
3.393929725999999937e+04 3.064160262196469930e-05
3.395130692000000272e+04 3.130427867615630596e-05
3.396331658000000607e+04 3.192379937376162765e-05
3.397532622999999876e+04 3.269679419599688354e-05
3.398733589000000211e+04 3.362445754843925631e-05
3.399934554999999818e+04 3.481775032068794827e-05
3.401135521000000153e+04 3.613958119008401563e-05
3.402336486999999761e+04 3.701511733673854167e-05
3.403537453000000096e+04 3.771344491055313804e-05
3.404738418999999703e+04 3.843209258598480511e-05
3.405939385000000038e+04 3.912114491018032505e-05
3.407140350999999646e+04 3.961045030431898137e-05
3.408341316999999981e+04 4.027697777304399372e-05
3.409542283000000316e+04 4.128751745599816835e-05
3.410743248999999923e+04 4.229733814287047329e-05
3.411944215000000258e+04 4.381369619026467349e-05
3.413145180999999866e+04 4.565591174936510971e-05
3.414346145999999862e+04 4.708981859122577870e-05
3.415547112000000197e+04 4.816066368214546152e-05
3.416748077999999805e+04 4.925702365663636885e-05
3.417949043999999412e+04 5.015309821024713054e-05
3.419150009999999747e+04 5.113349470726712164e-05
3.420350976000000082e+04 5.203084281191211339e-05
3.421551942000000417e+04 5.238503191018244393e-05
3.422752908000000025e+04 5.265459343762535557e-05
3.423953873999999632e+04 5.332590873903376538e-05
3.425154839999999967e+04 5.464102197153556046e-05
3.426355806000000302e+04 5.566416647780709961e-05
3.427556771999999910e+04 5.593822390128381724e-05
3.428757737999999517e+04 5.593859510534365776e-05
3.429958703999999852e+04 5.589618562512093438e-05
3.431159670000000187e+04 5.652819614451273263e-05
3.432360635000000184e+04 5.761270629227710873e-05
3.433561600999999791e+04 5.796602680158969548e-05
3.434762567000000126e+04 5.790709687622016676e-05
3.435963533000000461e+04 5.831841598692886976e-05
3.437164499000000069e+04 5.876213573706948353e-05
3.438365464999999676e+04 5.930428816636702311e-05
3.439566431000000011e+04 5.991809061610063987e-05
3.440767397000000346e+04 5.975515253137809850e-05
3.441968362999999954e+04 5.968272388587105443e-05
3.443169328999999561e+04 6.007695673444684637e-05
3.444370294999999896e+04 6.064883399920444713e-05
3.445571261000000231e+04 6.110496887797977478e-05
3.446772226999999839e+04 6.133867221361719577e-05
3.447973192999999446e+04 6.202945631977612622e-05
3.449174158999999781e+04 6.284677574045722322e-05
3.450375124000000505e+04 6.311720351158914440e-05
3.451576090000000113e+04 6.340461589669749804e-05
3.452777055999999720e+04 6.297684436852002388e-05
3.453978022000000055e+04 6.206700965662764378e-05
3.455178988000000390e+04 6.183889425325860120e-05
3.456379953999999998e+04 6.151186649152192668e-05
3.457580919999999605e+04 6.067840469561182435e-05
3.458781885999999940e+04 6.009287773098908686e-05
3.459982852000000275e+04 5.949640487581551920e-05
3.461183817999999883e+04 5.903207883804681536e-05
3.462384783999999490e+04 5.937477602947643533e-05
3.463585749999999825e+04 5.954929507072822913e-05
3.464786716000000160e+04 6.002419963048262252e-05
3.465987681999999768e+04 6.078764905128355007e-05
3.467188648000000103e+04 6.105490795688601525e-05
3.468389613000000099e+04 6.128733065426281124e-05
3.469590579000000434e+04 6.130084188313442638e-05
3.470791545000000042e+04 6.100904559358694167e-05
3.471992510999999649e+04 6.085234363950924947e-05
3.473193476999999984e+04 6.046652396055329635e-05
3.474394443000000319e+04 5.960872395679790074e-05
3.475595408999999927e+04 5.857008261078803921e-05
3.476796374999999534e+04 5.720329759141369114e-05
3.477997340999999869e+04 5.617312657320056198e-05
3.479198307000000204e+04 5.549256534885061641e-05
3.480399273000000539e+04 5.453203919014640023e-05
3.481600239000000147e+04 5.399248836049145813e-05
3.482801205000000482e+04 5.345688437613669908e-05
3.484002171000000089e+04 5.298877889623430926e-05
3.485203137000000424e+04 5.328159067425078334e-05
3.486404101999999693e+04 5.301273794958829758e-05
3.487605068000000028e+04 5.228802172307691476e-05
3.488806034000000363e+04 5.188481693816054518e-05
3.490006999999999971e+04 5.083414595896186447e-05
3.491207966000000306e+04 5.004158524051331578e-05
3.492408931999999913e+04 4.990353407752607339e-05
3.493609898000000248e+04 4.895172669372579652e-05
3.494810863999999856e+04 4.834607309938797353e-05
3.496011830000000191e+04 4.865601626011726558e-05
3.497212795999999798e+04 4.865398002828500237e-05
3.498413762000000133e+04 4.918930123723678751e-05
3.499614727999999741e+04 4.969263080544102199e-05
3.500815694000000076e+04 4.885878875079698150e-05
3.502016659999999683e+04 4.838407023198876603e-05
3.503217626000000018e+04 4.817854120603412208e-05
3.504418591000000015e+04 4.727589012292756580e-05
3.505619557000000350e+04 4.704326416064401892e-05
3.506820522999999957e+04 4.675952128683812179e-05
3.508021489000000292e+04 4.637030947766707665e-05
3.509222455000000627e+04 0.000000000000000000e+00
3.510423421000000963e+04 0.000000000000000000e+00
