7.475499877929687500e+03 0.000000000000000000e+00
7.485499877929687500e+03 0.000000000000000000e+00
7.495499877929687500e+03 4.159781124029968129e-07
7.505499877929687500e+03 4.388312780824263608e-07
7.515499877929687500e+03 4.682199349915562683e-07
7.525499877929687500e+03 4.451443571073475594e-07
7.535499877929687500e+03 4.801408980217658732e-07
7.545499877929687500e+03 4.633375786237936758e-07
7.555499877929687500e+03 4.625132581075941913e-07
7.565499877929687500e+03 4.288766008697985073e-07
7.575499877929687500e+03 4.694316168958209079e-07
7.585499877929687500e+03 5.197542721588724814e-07
7.595499877929687500e+03 5.234920779172502860e-07
7.605499877929687500e+03 5.415127009489030952e-07
7.615499877929687500e+03 5.320282472183079461e-07
7.625499877929687500e+03 5.953396366142039576e-07
7.635499877929687500e+03 5.930266996810387892e-07
7.645499877929687500e+03 6.089931264950152258e-07
7.655499877929687500e+03 6.365203852088316371e-07
7.665499877929687500e+03 6.459745155837563931e-07
7.675499877929687500e+03 7.011175954741434527e-07
7.685499877929687500e+03 7.493915323468612237e-07
7.695499877929687500e+03 9.854008434507374756e-07
7.705499877929687500e+03 1.135800024086986340e-06
7.715499877929687500e+03 1.542225271522462321e-06
7.725499877929687500e+03 2.044962759808642468e-06
7.735499877929688409e+03 3.028297222584493986e-06
7.745499877929688409e+03 4.582815826329901549e-06
7.755499877929688409e+03 6.775177653338273711e-06
7.765499877929688409e+03 9.841279010703190658e-06
7.775499877929688409e+03 1.394721218046754417e-05
7.785499877929688409e+03 1.962249036479916706e-05
7.795499877929688409e+03 2.663897445120368940e-05
7.805499877929688409e+03 3.739050906943068608e-05
7.815499877929688409e+03 5.330211020651473677e-05
7.825499877929688409e+03 8.030908613728100309e-05
7.835499877929688409e+03 1.332662553122010895e-04
7.845499877929686591e+03 2.308763436276350576e-04
7.855499877929686591e+03 4.492576739969401261e-04
7.865499877929686591e+03 9.751827953034216453e-04
7.875499877929686591e+03 2.212001517971308971e-03
7.885499877929686591e+03 5.212485400703814956e-03
7.895499877929686591e+03 1.225309284599658370e-02
7.905499877929686591e+03 2.582324504697252124e-02
7.915499877929686591e+03 4.842365152567588982e-02
7.925499877929686591e+03 7.965269737393823601e-02
7.935499877929686591e+03 1.177002425327773744e-01
7.945499877929686591e+03 1.552158890065117591e-01
7.955499877929687500e+03 1.887634114398045460e-01
7.965499877929687500e+03 2.169947517940536141e-01
7.975499877929687500e+03 2.378560847573962800e-01
7.985499877929687500e+03 2.526897365216474456e-01
7.995499877929687500e+03 2.622088348236810695e-01
8.005499877929687500e+03 2.688692282918050402e-01
8.015499877929687500e+03 2.720770964104010092e-01
8.025499877929687500e+03 2.729920492842831115e-01
8.035499877929687500e+03 2.734983748758259003e-01
8.045499877929687500e+03 2.746691977251070060e-01
8.055499877929687500e+03 2.755520847554540076e-01
8.065499877929687500e+03 2.747909825520889471e-01
8.075499877929687500e+03 2.714736542208490144e-01
8.085499877929687500e+03 2.669560455154106893e-01
8.095499877929687500e+03 2.636042828106499591e-01
8.105499877929687500e+03 2.630584667934627308e-01
8.115499877929687500e+03 2.650986330072613306e-01
8.125499877929687500e+03 2.684522443976873896e-01
8.135499877929687500e+03 2.706864376310790243e-01
8.145499877929687500e+03 2.730779390123337369e-01
8.155499877929687500e+03 2.724235655260656142e-01
8.165499877929687500e+03 2.722051574725944389e-01
8.175499877929687500e+03 2.741043164461675063e-01
8.185499877929687500e+03 2.787363322005033117e-01
8.195499877929687500e+03 2.835916575578785737e-01
8.205499877929687500e+03 2.902121488711251751e-01
8.215499877929687500e+03 2.951161027995972685e-01
8.225499877929687500e+03 2.974725332446128689e-01
8.235499877929687500e+03 2.982788963566563867e-01
8.245499877929687500e+03 2.976830938114027325e-01
8.255499877929687500e+03 2.944914883154254870e-01
8.265499877929687500e+03 2.913375821860554882e-01
8.275499877929687500e+03 2.896249864054930567e-01
8.285499877929687500e+03 2.895595740897486392e-01
8.295499877929687500e+03 2.907846686900616429e-01
8.305499877929687500e+03 2.917038333857308596e-01
8.315499877929687500e+03 2.923082843165045741e-01
8.325499877929687500e+03 2.917334854655754817e-01
8.335499877929687500e+03 2.900570304434147983e-01
8.345499877929687500e+03 2.879150358230226914e-01
8.355499877929687500e+03 2.880497137400538921e-01
8.365499877929687500e+03 2.891048009991625256e-01
8.375499877929687500e+03 2.913122816219723688e-01
8.385499877929687500e+03 2.939418284551507665e-01
8.395499877929687500e+03 2.960529625317429581e-01
8.405499877929687500e+03 2.981583991809798606e-01
8.415499877929687500e+03 2.999100449141005598e-01
8.425499877929687500e+03 3.014898303245439615e-01
8.435499877929687500e+03 3.028921321874409323e-01
8.445499877929687500e+03 3.043672522408053527e-01
8.455499877929687500e+03 3.044983374382053132e-01
8.465499877929687500e+03 3.047547538407875400e-01
8.475499877929687500e+03 3.035408140524957776e-01
8.485499877929687500e+03 3.033068617159566105e-01
8.495499877929687500e+03 3.044654614251917080e-01
8.505499877929687500e+03 3.055243500939719414e-01
8.515499877929687500e+03 3.077148964877985393e-01
8.525499877929687500e+03 3.072748657120277227e-01
8.535499877929687500e+03 3.065761800712056284e-01
8.545499877929687500e+03 3.060570070870511916e-01
8.555499877929687500e+03 3.043741577583313207e-01
8.565499877929687500e+03 3.042939768368236320e-01
8.575499877929687500e+03 3.042431609470933607e-01
8.585499877929687500e+03 3.052468955495423741e-01
8.595499877929687500e+03 3.047567762440377970e-01
8.605499877929687500e+03 3.061071643236981665e-01
8.615499877929687500e+03 3.062813004099512182e-01
8.625499877929687500e+03 3.047438945376617636e-01
8.635499877929687500e+03 3.044300921224469270e-01
8.645499877929687500e+03 3.065042737985121946e-01
8.655499877929687500e+03 3.076108194042410648e-01
8.665499877929687500e+03 3.120669106028530204e-01
8.675499877929687500e+03 3.138432996932360997e-01
8.685499877929687500e+03 3.146397565011996300e-01
8.695499877929687500e+03 3.166917261933755445e-01
8.705499877929687500e+03 3.194388725904668824e-01
8.715499877929687500e+03 3.182046196135764893e-01
8.725499877929687500e+03 3.207565534826051779e-01
8.735499877929687500e+03 3.210174708525768694e-01
8.745499877929687500e+03 3.211866857086744242e-01
8.755499877929687500e+03 3.178376757565560262e-01
8.765499877929687500e+03 3.170449889005386712e-01
8.775499877929687500e+03 3.189499878059337545e-01
8.785499877929687500e+03 3.172845655152289335e-01
8.795499877929687500e+03 3.136096491919587725e-01
8.805499877929687500e+03 3.162176885576613583e-01
8.815499877929687500e+03 3.139933885382016343e-01
8.825499877929687500e+03 3.142470070628703982e-01
8.835499877929687500e+03 3.132670022804645571e-01
8.845499877929687500e+03 3.136220747129867537e-01
8.855499877929687500e+03 3.075598217834480397e-01
8.865499877929687500e+03 3.042057578856244837e-01
8.875499877929687500e+03 3.093103876353298642e-01
8.885499877929687500e+03 3.162464442146112331e-01
8.895499877929687500e+03 3.140927427287127371e-01
8.905499877929687500e+03 3.154273451642443105e-01
8.915499877929687500e+03 3.225304343198381885e-01
8.925499877929687500e+03 3.253082385734187842e-01
8.935499877929687500e+03 3.263085208293211026e-01
8.945499877929687500e+03 3.273884836645075680e-01
8.955499877929687500e+03 3.279273222735379911e-01
8.965499877929687500e+03 3.265549599986978246e-01
8.975499877929687500e+03 3.252357699764359955e-01
8.985499877929687500e+03 3.238677214808707294e-01
8.995499877929687500e+03 3.227770843182983795e-01
9.005499877929687500e+03 3.217056324905518960e-01
9.015499877929687500e+03 3.197425198569306959e-01
9.025499877929687500e+03 3.186121149455224955e-01
9.035499877929687500e+03 3.159596286969769130e-01
9.045499877929687500e+03 3.142136288964203494e-01
9.055499877929687500e+03 3.147226587376637519e-01
9.065499877929687500e+03 3.131334730113206621e-01
9.075499877929687500e+03 3.118906750916475290e-01
9.085499877929687500e+03 3.134868292040689508e-01
9.095499877929687500e+03 3.145456888320100619e-01
9.105499877929687500e+03 3.172633121371947196e-01
9.115499877929687500e+03 3.193904520380550505e-01
9.125499877929687500e+03 3.221981250846984723e-01
9.135499877929687500e+03 3.263780614393234081e-01
9.145499877929687500e+03 3.288863322410328638e-01
9.155499877929687500e+03 3.322556892802837059e-01
9.165499877929687500e+03 3.371318811690626749e-01
9.175499877929687500e+03 3.386504476216808945e-01
9.185499877929687500e+03 3.415411175678241262e-01
9.195499877929687500e+03 3.422857337492379304e-01
9.205499877929687500e+03 3.422100571435939265e-01
9.215499877929687500e+03 3.432718842202684972e-01
9.225499877929687500e+03 3.425539999422047566e-01
9.235499877929687500e+03 3.418542544636379854e-01
9.245499877929687500e+03 3.391235833361567198e-01
9.255499877929687500e+03 3.384490023164319350e-01
9.265499877929687500e+03 3.369869016528060923e-01
9.275499877929687500e+03 3.349841874682132348e-01
9.285499877929687500e+03 3.332029743098835484e-01
9.295499877929687500e+03 3.328077163935895255e-01
9.305499877929687500e+03 3.318267843941364315e-01
9.315499877929687500e+03 3.316224051523321004e-01
9.325499877929687500e+03 3.313127393642733565e-01
9.335499877929687500e+03 3.306525004513938826e-01
9.345499877929687500e+03 3.304515450924513376e-01
9.355499877929687500e+03 3.298495808012215647e-01
9.365499877929687500e+03 3.294486170855553397e-01
9.375499877929687500e+03 3.296384339757763016e-01
9.385499877929687500e+03 3.289684099118010963e-01
9.395499877929687500e+03 3.294996822618554977e-01
9.405499877929687500e+03 3.310019939854461635e-01
9.415499877929687500e+03 3.317347439122373398e-01
9.425499877929687500e+03 3.340216245947455476e-01
9.435499877929687500e+03 3.359073401980290363e-01
9.445499877929687500e+03 3.387719229966867363e-01
9.455499877929687500e+03 3.402799351931736771e-01
9.465499877929687500e+03 3.418481963465269668e-01
9.475499877929687500e+03 3.412825191221902643e-01
9.485499877929687500e+03 3.407563723158806845e-01
9.495499877929687500e+03 3.404045226932004287e-01
9.505499877929687500e+03 3.390417378359820155e-01
9.515499877929687500e+03 3.392183738049300845e-01
9.525499877929687500e+03 3.363362156634117639e-01
9.535499877929687500e+03 3.357698235368280493e-01
9.545499877929687500e+03 3.338862445440617943e-01
9.555499877929687500e+03 3.330022537085419176e-01
9.565499877929687500e+03 3.315449510427030400e-01
9.575499877929687500e+03 3.301007380198199281e-01
9.585499877929687500e+03 3.308264844215362266e-01
9.595499877929687500e+03 3.316176757278898046e-01
9.605499877929687500e+03 3.327107590693016981e-01
9.615499877929687500e+03 3.343079480848418772e-01
9.625499877929687500e+03 3.367546935869243918e-01
9.635499877929687500e+03 3.392438087232242938e-01
9.645499877929687500e+03 3.419543596610646330e-01
9.655499877929687500e+03 3.438093302493749337e-01
9.665499877929687500e+03 3.453995739310447566e-01
9.675499877929687500e+03 3.468254261449580933e-01
9.685499877929687500e+03 3.478475925298092908e-01
9.695499877929687500e+03 3.491527902014639473e-01
9.705499877929687500e+03 3.480063677774238862e-01
9.715499877929687500e+03 3.477282126837269449e-01
9.725499877929687500e+03 3.471303044229177015e-01
9.735499877929687500e+03 3.463327895993265626e-01
9.745499877929687500e+03 3.438534555171411933e-01
9.755499877929687500e+03 3.444317565593275066e-01
9.765499877929687500e+03 3.417625236200115824e-01
9.775499877929687500e+03 3.402452812821171735e-01
9.785499877929687500e+03 3.383147296069941024e-01
9.795499877929687500e+03 3.365232171465687983e-01
9.805499877929687500e+03 3.340916724880458877e-01
9.815499877929687500e+03 3.349298203686951747e-01
9.825499877929687500e+03 3.354297752901654328e-01
9.835499877929687500e+03 3.369899532994689029e-01
9.845499877929687500e+03 3.392130692434325856e-01
9.855499877929687500e+03 3.428002416398096552e-01
9.865499877929687500e+03 3.445043989063108492e-01
9.875499877929687500e+03 3.470601001533392127e-01
9.885499877929687500e+03 3.482874790179589231e-01
9.895499877929687500e+03 3.492308540286679364e-01
9.905499877929687500e+03 3.491537976480710292e-01
9.915499877929687500e+03 3.481995044805604178e-01
9.925499877929687500e+03 3.478378309801533619e-01
9.935499877929687500e+03 3.460634276319977110e-01
9.945499877929687500e+03 3.445925452463401428e-01
9.955499877929687500e+03 3.453848557548518938e-01
9.965499877929687500e+03 3.443686999170580409e-01
9.975499877929687500e+03 3.436556072736401402e-01
9.985499877929687500e+03 3.407970864696743818e-01
9.995499877929687500e+03 3.358040443506223882e-01
1.000549987792968750e+04 3.244879653852334456e-01
1.001549987792968750e+04 3.049941980320148849e-01
1.002549987792968750e+04 2.746498390947939572e-01
1.003549987792968750e+04 2.349853292603324151e-01
1.004549987792968750e+04 1.948016162354987701e-01
1.005549987792968750e+04 1.576995937543011483e-01
1.006549987792968750e+04 1.298399890420625369e-01
1.007549987792968750e+04 1.046897951540518013e-01
1.008549987792968750e+04 8.675732468781063855e-02
1.009549987792968750e+04 7.056585658957958973e-02
1.010549987792968750e+04 6.014004486890376505e-02
1.011549987792968750e+04 5.023195835672270709e-02
1.012549987792968750e+04 4.377719399837631808e-02
1.013549987792968750e+04 3.712425338920714163e-02
1.014549987792968750e+04 3.271626076201473304e-02
1.015549987792968750e+04 2.789174954635727927e-02
1.016549987792968750e+04 2.466213839296416133e-02
1.017549987792968750e+04 2.090651507924627672e-02
1.018549987792968750e+04 1.759999203166599455e-02
1.019549987792968750e+04 1.417406539321709215e-02
1.020549987792968750e+04 1.096653755982185917e-02
1.021549987792968750e+04 8.186383608449811569e-03
1.022549987792968750e+04 5.910376624072233298e-03
1.023549987792968750e+04 4.367337262846934104e-03
1.024550048828125000e+04 3.065144060662332477e-03
1.025550048828125000e+04 2.173319310977369669e-03
1.026550048828125000e+04 1.522168603626683318e-03
1.027550048828125000e+04 1.091563838903714763e-03
1.028550048828125000e+04 7.924277901178202995e-04
1.029550048828125000e+04 5.664313242981676910e-04
1.030550048828125000e+04 4.344128986927901217e-04
1.031550048828125000e+04 3.214379163376581967e-04
1.032550048828125000e+04 2.435168618592738806e-04
1.033550048828125000e+04 1.844625923753087822e-04
1.034550048828125000e+04 1.430816785971817100e-04
1.035550048828125000e+04 1.097861476105925813e-04
1.036550048828125000e+04 8.712788050630828100e-05
1.037550048828125000e+04 6.990700572209083096e-05
1.038550048828125000e+04 5.471088253741743690e-05
1.039550048828125000e+04 4.514721843338032433e-05
1.040550048828125000e+04 3.657796485128888392e-05
1.041550048828125000e+04 2.989945307581666419e-05
1.042550048828125000e+04 2.455851417228408612e-05
1.043550048828125000e+04 2.048116732583459050e-05
1.044550048828125000e+04 1.758716136139548038e-05
1.045550048828125000e+04 1.461237017657659171e-05
1.046550048828125000e+04 1.270944679316759779e-05
1.047550048828125000e+04 1.137242022732551259e-05
1.048550048828125000e+04 9.420265989463632393e-06
1.049550048828125000e+04 8.900063733536941145e-06
1.050550048828125000e+04 7.863309505775256035e-06
1.051550048828125000e+04 7.031133750908686080e-06
1.052550048828125000e+04 6.313752563810438993e-06
1.053550048828125000e+04 5.769698538897455541e-06
1.054550048828125000e+04 4.512630461370217839e-06
1.055550048828125000e+04 5.179953925413375798e-06
1.056550048828125000e+04 5.280843900350545343e-06
1.057550048828125000e+04 4.467638887388625004e-06
1.058550048828125000e+04 4.536975450032664579e-06
1.059550048828125000e+04 4.063913605415819776e-06
1.060550048828125000e+04 3.830492932328483809e-06
1.061550048828125182e+04 3.789221134404613534e-06
1.062550048828125000e+04 3.774572772101285394e-06
1.063550048828125182e+04 3.014022487352108851e-06
1.064550048828125000e+04 3.376030287659548787e-06
1.065550048828125182e+04 2.925643158529625196e-06
1.066550048828125000e+04 3.985331830777700164e-06
1.067550048828125182e+04 3.074994332582871720e-06
1.068550048828125000e+04 3.593514206597170569e-06
1.069550048828125182e+04 3.085898467343878028e-06
1.070550048828125000e+04 3.296842662793758275e-06
1.071550048828124818e+04 0.000000000000000000e+00
1.072550048828125000e+04 0.000000000000000000e+00
