2.988923940999999468e+04 0.000000000000000000e+00
2.990275172999999631e+04 0.000000000000000000e+00
2.991626404999999795e+04 1.107662858773115453e-04
2.992977636999999959e+04 1.193328189140478490e-04
2.994328868000000148e+04 1.285919935486632391e-04
2.995680099999999948e+04 1.377789140088373063e-04
2.997031331000000137e+04 1.472282628393168605e-04
2.998382561999999598e+04 1.578815483448939207e-04
2.999733794000000489e+04 1.692607625816734153e-04
3.001085024999999951e+04 1.818179775568469372e-04
3.002436256999999750e+04 1.949791779328842109e-04
3.003787487999999939e+04 2.085926593302799459e-04
3.005138719999999739e+04 2.229657519058870986e-04
3.006489950999999928e+04 2.387718467279582098e-04
3.007841182000000117e+04 2.561553084162280385e-04
3.009192414000000281e+04 2.745408675022340396e-04
3.010543645000000106e+04 2.936671683751102468e-04
3.011894876999999906e+04 3.141148570799621184e-04
3.013246107999999731e+04 3.361806860997273755e-04
3.014597339999999895e+04 3.597605156210219378e-04
3.015948571000000084e+04 3.855246685787774548e-04
3.017299802999999883e+04 4.123148603217939990e-04
3.018651034000000072e+04 4.406533581290052355e-04
3.020002264999999898e+04 4.709000915328586116e-04
3.021353497000000061e+04 5.033561951443239280e-04
3.022704728000000250e+04 5.375610236643698194e-04
3.024055960000000050e+04 5.742188889975796901e-04
3.025407190999999875e+04 6.134115515141851365e-04
3.026758423000000403e+04 6.545229767354063602e-04
3.028109653999999500e+04 6.989286373083926102e-04
3.029460886000000028e+04 7.473498751731211644e-04
3.030812116999999853e+04 7.990543430483489475e-04
3.032163348000000042e+04 8.541824435673227257e-04
3.033514579999999842e+04 9.136880247627715427e-04
3.034865811000000031e+04 9.774133646415865666e-04
3.036217043000000194e+04 1.045584049693942547e-03
3.037568274000000383e+04 1.119558174392293673e-03
3.038919506000000183e+04 1.199481725384059097e-03
3.040270736999999644e+04 1.285229067350700466e-03
3.041621967999999833e+04 1.378307461388292429e-03
3.042973199999999997e+04 1.478822021090952414e-03
3.044324431000000186e+04 1.587814062524461195e-03
3.045675662999999986e+04 1.706045244687182192e-03
3.047026894000000175e+04 1.833989275028788217e-03
3.048378126000000339e+04 1.972753222798353818e-03
3.049729357000000527e+04 2.123377142855928119e-03
3.051080588999999964e+04 2.285622907924929857e-03
3.052431819999999789e+04 2.462578019286002472e-03
3.053783050999999978e+04 2.655083379218806019e-03
3.055134282999999778e+04 2.863949135375273673e-03
3.056485513999999966e+04 3.092184856156989913e-03
3.057836746000000130e+04 3.340687215088706131e-03
3.059187976999999955e+04 3.610908487947413290e-03
3.060539208999999755e+04 3.906199136121435694e-03
3.061890439999999944e+04 4.228409546378613174e-03
3.063241671000000133e+04 4.579363013670407177e-03
3.064592903000000297e+04 4.963130287086388141e-03
3.065944134000000122e+04 5.381543097709569519e-03
3.067295365999999922e+04 5.838183880103388866e-03
3.068646596999999747e+04 6.338100790162745288e-03
3.069997828999999911e+04 6.884635405779419674e-03
3.071349060000000100e+04 7.482019721998005996e-03
3.072700291999999899e+04 8.136522701527613977e-03
3.074051523000000088e+04 8.852762358461231315e-03
3.075402754000000277e+04 9.636742424377352928e-03
3.076753986000000441e+04 1.049446588109688092e-02
3.078105216999999539e+04 1.143460036031514540e-02
3.079456448999999702e+04 1.246277877466469598e-02
3.080807679999999891e+04 1.358825922765482912e-02
3.082158911999999691e+04 1.482166187242981402e-02
3.083510142999999880e+04 1.616908808811378523e-02
3.084861374000000069e+04 1.764282106425419175e-02
3.086212606000000233e+04 1.925822758930021555e-02
3.087563837000000422e+04 2.101964122371936805e-02
3.088915068999999858e+04 2.294248879627833887e-02
3.090266299999999683e+04 2.504738002868688376e-02
3.091617532000000210e+04 2.733777627094295670e-02
3.092968763000000035e+04 2.983437113057773801e-02
3.094319994999999835e+04 3.256260088426683047e-02
3.095671226000000024e+04 3.552053491493649406e-02
3.097022456999999849e+04 3.874782070533682593e-02
3.098373689000000377e+04 4.223997359901123655e-02
3.099724920000000202e+04 4.602699342354914236e-02
3.101076152000000002e+04 5.014545881536987965e-02
3.102427383000000191e+04 5.457947270189678762e-02
3.103778614999999991e+04 5.936559379647619178e-02
3.105129845999999816e+04 6.454979731821920697e-02
3.106481077999999980e+04 7.010116240084125760e-02
3.107832308999999805e+04 7.606146714287340127e-02
3.109183539999999994e+04 8.247882775897340257e-02
3.110534771999999793e+04 8.930543852699714125e-02
3.111886002999999982e+04 9.658573832964822969e-02
3.113237235000000146e+04 1.043700876472530847e-01
3.114588466000000335e+04 1.125827262426061098e-01
3.115939698000000135e+04 1.212598164939034384e-01
3.117290928999999596e+04 1.304553648842201041e-01
3.118642159999999785e+04 1.400508282572758834e-01
3.119993391999999949e+04 1.500866241966189452e-01
3.121344623000000138e+04 1.606011238026035792e-01
3.122695854999999938e+04 1.714460326940348833e-01
3.124047086000000127e+04 1.827139663288324944e-01
3.125398318000000290e+04 1.942297145629615085e-01
3.126749548999999752e+04 2.060200757686644069e-01
3.128100781000000279e+04 2.181011155888437636e-01
3.129452012000000104e+04 2.302851471781795500e-01
3.130803242999999929e+04 2.425713870271840600e-01
3.132154474999999729e+04 2.549881211496149991e-01
3.133505705999999918e+04 2.673197965619852901e-01
3.134856938000000082e+04 2.795773076461855466e-01
3.136208169000000271e+04 2.917905518267378540e-01
3.137559400999999707e+04 3.037148675675386822e-01
3.138910631999999896e+04 3.153864661231647326e-01
3.140261863000000085e+04 3.268108284914859052e-01
3.141613095000000249e+04 3.377929906539854921e-01
3.142964326000000074e+04 3.483449997844620394e-01
3.144315557999999874e+04 3.584815627117363679e-01
3.145666788999999699e+04 3.680241654366886994e-01
3.147018021000000226e+04 3.770614649562818999e-01
3.148369252000000051e+04 3.854517901169337013e-01
3.149720483999999851e+04 3.932365184153500670e-01
3.151071715000000040e+04 4.004554839112959841e-01
3.152422946000000229e+04 4.070016198057543888e-01
3.153774178000000029e+04 4.129328961223733274e-01
3.155125409000000218e+04 4.183280948075914218e-01
3.156476641000000382e+04 4.231055679160938832e-01
3.157827871999999843e+04 4.273505206116374744e-01
3.159179103999999643e+04 4.311344435692702759e-01
3.160530334999999832e+04 4.344122093174288546e-01
3.161881566000000021e+04 4.372718439573298754e-01
3.163232798000000184e+04 4.397734920338081666e-01
3.164584029000000373e+04 4.419096779648589157e-01
3.165935261000000173e+04 4.437432761868738140e-01
3.167286491999999998e+04 4.453371514886984017e-01
3.168637724000000162e+04 4.466807229765028531e-01
3.169988954999999987e+04 4.478266096355463799e-01
3.171340186999999787e+04 4.488229554684670664e-01
3.172691417999999976e+04 4.496674949638472252e-01
3.174042649000000165e+04 4.504047889892897616e-01
3.175393880999999601e+04 4.510428681927032835e-01
3.176745111999999790e+04 4.516046034605656900e-01
3.178096343999999954e+04 4.521155197216026322e-01
3.179447575000000143e+04 4.525759077460290158e-01
3.180798806999999942e+04 4.530007646627284279e-01
3.182150038000000131e+04 4.533987371532773869e-01
3.183501270000000295e+04 4.537746384581597958e-01
3.184852501000000120e+04 4.541352977215972753e-01
3.186203731999999945e+04 4.544926428777358307e-01
3.187554963999999745e+04 4.548428606960201459e-01
3.188906194999999934e+04 4.551867628562210610e-01
3.190257427000000098e+04 4.555285476667038647e-01
3.191608658000000287e+04 4.558718015532614576e-01
3.192959890000000087e+04 4.562169940129039425e-01
3.194311121000000276e+04 4.565653901633105471e-01
3.195662351999999737e+04 4.569092501545570784e-01
3.197013583999999901e+04 4.572518032511271868e-01
3.198364814999999726e+04 4.575889539655443872e-01
3.199716046999999890e+04 4.579225817213438132e-01
3.201067278000000078e+04 4.582679253251307205e-01
3.202418509999999878e+04 4.586035938991835370e-01
3.203769741000000067e+04 4.589349266026415686e-01
3.205120973000000231e+04 4.592603351139133983e-01
3.206472204000000056e+04 4.595789251555151833e-01
3.207823434999999881e+04 4.598863661567980099e-01
3.209174667000000045e+04 4.601881823438420671e-01
3.210525897999999870e+04 4.604764682313882140e-01
3.211877130000000034e+04 4.607565127042483333e-01
3.213228361000000223e+04 4.610285825224408884e-01
3.214579593000000023e+04 4.612992487193856572e-01
3.215930823999999848e+04 4.615647638168418609e-01
3.217282055000000037e+04 4.618232463231484175e-01
3.218633287000000200e+04 4.620929751449806555e-01
3.219984518000000389e+04 4.623640169654293919e-01
3.221335750000000189e+04 4.626193315118118932e-01
3.222686981000000014e+04 4.628826627406121830e-01
3.224038212999999450e+04 4.631310997757328574e-01
3.225389443999999639e+04 4.633983684633009581e-01
3.226740675999999803e+04 4.636733764951188053e-01
3.228091906999999992e+04 4.639206256682343876e-01
3.229443138000000181e+04 4.641959093689999039e-01
3.230794369999999981e+04 4.644783046655114878e-01
3.232145601000000170e+04 4.647393073801667218e-01
3.233496833000000333e+04 4.650372689087319267e-01
3.234848063999999795e+04 4.653423206376787746e-01
3.236199295999999595e+04 4.656069396326369958e-01
3.237550526999999784e+04 4.659176174357620992e-01
3.238901758999999947e+04 4.662358464530317326e-01
3.240252990000000136e+04 4.665082819070211495e-01
3.241604221000000325e+04 4.668344780188688481e-01
3.242955453000000125e+04 4.671609730012176165e-01
3.244306683999999950e+04 4.674343878763199123e-01
3.245657916000000478e+04 4.677595387917778957e-01
3.247009147000000303e+04 4.680237570827404658e-01
3.248360379000000103e+04 4.683422932187984999e-01
3.249711609999999928e+04 4.686625931615170382e-01
3.251062841000000117e+04 4.689086103079561085e-01
3.252414072999999917e+04 4.692185233362178298e-01
3.253765303999999742e+04 4.695250876520861150e-01
3.255116535999999905e+04 4.697612380366735785e-01
3.256467767000000094e+04 4.700703647815825392e-01
3.257818998999999894e+04 4.703788907977324851e-01
3.259170230000000083e+04 4.706174667814519985e-01
3.260521462000000247e+04 4.709168721955682702e-01
3.261872693000000072e+04 4.712063853070586616e-01
3.263223923999999897e+04 4.714178093557487847e-01
3.264575155999999697e+04 4.717025185440579804e-01
3.265926386999999886e+04 4.719799791803385158e-01
3.267277619000000050e+04 4.721908772339175608e-01
3.268628850000000239e+04 4.724669980219539100e-01
3.269980082000000039e+04 4.727404884786217121e-01
3.271331313000000227e+04 4.729575848092670287e-01
3.272682543999999689e+04 4.732406165532860864e-01
3.274033775999999853e+04 4.734731226069606724e-01
3.275385006999999678e+04 4.737605313049950695e-01
3.276736238999999841e+04 4.740516120980227122e-01
3.278087470000000030e+04 4.742949556394314148e-01
3.279438701999999466e+04 4.745920924066276969e-01
3.280789933000000019e+04 4.748923145978114491e-01
3.282141165000000183e+04 4.751704079458209939e-01
3.283492396000000008e+04 4.754835187210161296e-01
3.284843627000000561e+04 4.758002659844147164e-01
3.286194858999999997e+04 4.761064664340700636e-01
3.287546089999999822e+04 4.764377423251280885e-01
3.288897321999999986e+04 4.767802798728855707e-01
3.290248552999999811e+04 4.771290263163950329e-01
3.291599784999999974e+04 4.774918410774465216e-01
3.292951015999999800e+04 4.778578126411259785e-01
3.294302247000000352e+04 4.782567307773189502e-01
3.295653479000000516e+04 4.786452593211655837e-01
3.297004709999999614e+04 4.790755686511391498e-01
3.298355942000000505e+04 4.794798591673801735e-01
3.299707172999999602e+04 4.798884310521257524e-01
3.301058404999999766e+04 4.803502913799563845e-01
3.302409635999999591e+04 4.807617104683445386e-01
3.303760867999999755e+04 4.811815084896035599e-01
3.305112099000000308e+04 4.816757333953375908e-01
3.306463330000000133e+04 4.821100759935590951e-01
3.307814561999999569e+04 4.825494206668513031e-01
3.309165793000000122e+04 4.830926593098635591e-01
3.310517025000000285e+04 4.835508890241611013e-01
3.311868256000000110e+04 4.840133767811026777e-01
3.313219488000000274e+04 4.845960474273184326e-01
3.314570719000000099e+04 4.850703749588862745e-01
3.315921951000000263e+04 4.855480715566691252e-01
3.317273182000000088e+04 4.861502805806242056e-01
3.318624412999999913e+04 4.866250634108542084e-01
3.319975645000000077e+04 4.870930186195073786e-01
3.321326875999999902e+04 4.877234434855244327e-01
3.322678108000000066e+04 4.882060339285958506e-01
3.324029338999999891e+04 4.888404304313991311e-01
3.325380571000000054e+04 4.893158808824283890e-01
3.326731801999999880e+04 4.897824963969432677e-01
3.328083032999999705e+04 4.904188169973864864e-01
3.329434264999999868e+04 4.908795681584950943e-01
3.330785495999999694e+04 4.913326549316751612e-01
3.332136727999999857e+04 4.919280105196865427e-01
3.333487959000000410e+04 4.923502963580637104e-01
3.334839190999999846e+04 4.927661124894316402e-01
3.336190422000000399e+04 4.933516822811411795e-01
3.337541654000000563e+04 4.937602386395484877e-01
3.338892885000000388e+04 4.941585247797413150e-01
3.340244116000000213e+04 4.947355518073937031e-01
3.341595347999999649e+04 4.951218884105526574e-01
3.342946579000000202e+04 4.955041477051979060e-01
3.344297811000000365e+04 4.960656052542000150e-01
3.345649041999999463e+04 4.964360211079021923e-01
3.347000274000000354e+04 4.969868044494007986e-01
3.348351505000000179e+04 4.973430110505664414e-01
3.349702736000000004e+04 4.977007203665666513e-01
3.351053968000000168e+04 4.982423423094051729e-01
3.352405198999999993e+04 4.986001495508159409e-01
3.353756431000000157e+04 4.989523587305976227e-01
3.355107661999999982e+04 4.994804634719223757e-01
3.356458893999999418e+04 4.998277238806146938e-01
3.357810124999999971e+04 5.001727060734360020e-01
3.359161357000000135e+04 5.006928067419024186e-01
3.360512587999999960e+04 5.010286663011842556e-01
3.361863819000000512e+04 5.013625368598139120e-01
3.363215050999999949e+04 5.018601196182954638e-01
3.364566281999999774e+04 5.021920769090212344e-01
3.365917514000000665e+04 5.025271574117103901e-01
3.367268744999999763e+04 5.030171253247817109e-01
3.368619976999999926e+04 5.033539814301700721e-01
3.369971207999999751e+04 5.036918043416909185e-01
3.371322439000000304e+04 5.041825907691716013e-01
3.372673670999999740e+04 5.045276207975837313e-01
3.374024902000000293e+04 5.050131441186767045e-01
3.375376134000000457e+04 5.053641825019654643e-01
3.376727365000000282e+04 5.057164937810438854e-01
3.378078596999999718e+04 5.062015861061930355e-01
3.379429827999999543e+04 5.065622832594376401e-01
3.380781059999999707e+04 5.069308973848967170e-01
3.382132291000000259e+04 5.074149397097601488e-01
3.383483522000000085e+04 5.077889558331724063e-01
3.384834754000000248e+04 5.081676971934863118e-01
3.386185985000000073e+04 5.086480158713051480e-01
3.387537217000000237e+04 5.090316618681587357e-01
3.388888448000000062e+04 5.094118561108775811e-01
3.390239680000000226e+04 5.098807922060102360e-01
3.391590911000000051e+04 5.102520636461032044e-01
3.392942143000000215e+04 5.106171743985208344e-01
3.394293373999999312e+04 5.110569787972298883e-01
3.395644604999999865e+04 5.114053399901518082e-01
3.396995837000000029e+04 5.117500768724124738e-01
3.398347067999999854e+04 5.121543870383393759e-01
3.399698300000000017e+04 5.124803415458542011e-01
3.401049530999999843e+04 5.128677139080257685e-01
3.402400763000000006e+04 5.131823436662741322e-01
3.403751994000000559e+04 5.134936509489759215e-01
3.405103224999999657e+04 5.138559519029692879e-01
3.406454456999999820e+04 5.141571254030904425e-01
3.407805687999999645e+04 5.144504832734654309e-01
3.409156919999999809e+04 5.147917339144848503e-01
3.410508151000000362e+04 5.150714424593759722e-01
3.411859382999999798e+04 5.153397797346898068e-01
3.413210614000000351e+04 5.156545513844283946e-01
3.414561846000000514e+04 5.159086817585295526e-01
3.415913077000000339e+04 5.161588984234782851e-01
3.417264307999999437e+04 5.164517473957771498e-01
3.418615539999999601e+04 5.166891117149980950e-01
3.419966771000000153e+04 5.169227391664201754e-01
3.421318002999999590e+04 5.171857632590164400e-01
3.422669234000000142e+04 5.173976103914849078e-01
3.424020466000000306e+04 5.176532115651923949e-01
3.425371697000000131e+04 5.178567323602983885e-01
3.426722927999999956e+04 5.180599052941228244e-01
3.428074160000000120e+04 5.183146880947721025e-01
3.429425390999999945e+04 5.185206601640436341e-01
3.430776623000000109e+04 5.187351151738538446e-01
3.432127853999999934e+04 5.190107322267023537e-01
3.433479086000000098e+04 5.192195221347731815e-01
3.434830316999999923e+04 5.194189398869527574e-01
3.436181549000000086e+04 5.196748762799542343e-01
3.437532779999999912e+04 5.198600209847644704e-01
3.438884011000000464e+04 5.200403402077178328e-01
3.440235242999999900e+04 5.202791847800928293e-01
3.441586474000000453e+04 5.204474034538011384e-01
3.442937706000000617e+04 5.206187636052567180e-01
3.444288936999999714e+04 5.208648742904095075e-01
3.445640168999999878e+04 5.210475631854810663e-01
3.446991399999999703e+04 5.212315679466014151e-01
3.448342631000000256e+04 5.214966748534410890e-01
3.449693862999999692e+04 5.216855806690589015e-01
3.451045094000000245e+04 5.219592996748286806e-01
3.452396326000000408e+04 5.221574723609379021e-01
3.453747557000000234e+04 5.223571874510443136e-01
3.455098788999999670e+04 5.226512595955619123e-01
3.456450020000000222e+04 5.228607568778834702e-01
3.457801252000000386e+04 5.230715673696386681e-01
3.459152483000000211e+04 5.233813950554024874e-01
3.460503714000000036e+04 5.235948613014069775e-01
3.461854946000000200e+04 5.238053387411186756e-01
3.463206177000000025e+04 5.241157107743351640e-01
3.464557409000000189e+04 5.243309823331038233e-01
3.465908640000000014e+04 5.245496656344150743e-01
3.467259872000000178e+04 5.248694766120796107e-01
3.468611103000000003e+04 5.250919376832435814e-01
3.469962335000000166e+04 5.253147985190428360e-01
3.471313565999999992e+04 5.256563280250117209e-01
3.472664796999999817e+04 5.258974019919321341e-01
3.474016028999999980e+04 5.262443178015170364e-01
3.475367259999999806e+04 5.264918697303778705e-01
3.476718491999999969e+04 5.267427260462044236e-01
3.478069722999999794e+04 5.271022918118591916e-01
3.479420954999999958e+04 5.273595794395244951e-01
3.480772186000000511e+04 5.276114514472156625e-01
3.482123416999999608e+04 5.279676594788509369e-01
3.483474649000000500e+04 5.282176883266871403e-01
3.484825879999999597e+04 5.284668079307349720e-01
3.486177111999999761e+04 5.288185422289927162e-01
3.487528343000000314e+04 5.290623049740399431e-01
3.488879574999999750e+04 5.293059986997650235e-01
3.490230806000000302e+04 5.296480037931681206e-01
3.491582038000000466e+04 5.298919941070944217e-01
3.492933268999999564e+04 5.301346873722680986e-01
3.494284500000000116e+04 5.304693211954508714e-01
3.495635732000000280e+04 5.307055841421978171e-01
3.496986963000000105e+04 5.309373930761536187e-01
3.498338194999999541e+04 5.312583257384578816e-01
3.499689426000000094e+04 5.314881770391497451e-01
3.501040658000000258e+04 5.317976861730511207e-01
3.502391889000000083e+04 5.320170923063637369e-01
3.503743119999999908e+04 5.322335577277164109e-01
3.505094352000000072e+04 5.325312279152747408e-01
3.506445582999999897e+04 5.327417784223287267e-01
3.507796815000000061e+04 5.329495074539725152e-01
3.509148045999999886e+04 5.332364315231160612e-01
3.510499278000000049e+04 5.334478491080277829e-01
3.511850508999999875e+04 5.336595626092793809e-01
3.513201741000000038e+04 5.339365845716498304e-01
3.514552971999999863e+04 5.341333646034073235e-01
3.515904202999999688e+04 5.343270979810468280e-01
3.517255434999999852e+04 5.345803343125214990e-01
3.518606666000000405e+04 5.347674934328859875e-01
3.519957897999999841e+04 5.349490233570881603e-01
3.521309129000000394e+04 5.351672585924837078e-01
3.522660361000000557e+04 5.353208756303152738e-01
3.524011591999999655e+04 5.355215326249559427e-01
3.525362823999999819e+04 5.356735919962662962e-01
3.526714054999999644e+04 5.358288756615353643e-01
3.528065286000000197e+04 5.360247868392430393e-01
3.529416518000000360e+04 5.361772919228482426e-01
3.530767749000000185e+04 5.363340931250589749e-01
3.532118981000000349e+04 5.365619944374829808e-01
3.533470212000000174e+04 5.367389011285914613e-01
3.534821444000000338e+04 5.369155606824248528e-01
3.536172675000000163e+04 5.371400143778465308e-01
3.537523905999999988e+04 5.373180847945677741e-01
3.538875138000000152e+04 5.374957392329476891e-01
3.540226368999999977e+04 5.377144753526686971e-01
3.541577600999999413e+04 5.378776590856073625e-01
3.542928831999999966e+04 5.380431388675191995e-01
3.544280064000000129e+04 5.382512190108744710e-01
3.545631294999999955e+04 5.384228894442895097e-01
3.546982527000000118e+04 5.385980369291245573e-01
3.548333757999999943e+04 5.388113450831917284e-01
3.549684988999999769e+04 5.389891572907753448e-01
3.551036220999999932e+04 5.392193424524521772e-01
3.552387451999999757e+04 5.394220766316228932e-01
3.553738683999999921e+04 5.396295279595810790e-01
3.555089914999999746e+04 5.398744933503959453e-01
3.556441146999999910e+04 5.400880473288514061e-01
3.557792378000000463e+04 5.403065864350748981e-01
3.559143609000000288e+04 5.405622356665383821e-01
3.560494841000000451e+04 5.407881289911563583e-01
3.561846071999999549e+04 5.410168815121181307e-01
3.563197303999999713e+04 5.412816691823000292e-01
3.564548534999999538e+04 5.415146696232958634e-01
3.565899766999999702e+04 5.417507971746226003e-01
3.567250998000000254e+04 5.420273287220706004e-01
3.568602229999999690e+04 5.422715178909964795e-01
3.569953461000000243e+04 5.425187437212496411e-01
3.571304692000000068e+04 5.428080630196920886e-01
3.572655924000000232e+04 5.430604571248474066e-01
3.574007155000000057e+04 5.433554377528309054e-01
3.575358387000000221e+04 5.436109320426520952e-01
3.576709618000000046e+04 5.438673825161080000e-01
3.578060850000000210e+04 5.441696512310708611e-01
3.579412081000000035e+04 5.444274171298917331e-01
3.580763311999999860e+04 5.446886385985029166e-01
3.582114544000000024e+04 5.450031077417074599e-01
3.583465774999999849e+04 5.452696077697900545e-01
3.584817007000000012e+04 5.455374680352274019e-01
3.586168238000000565e+04 5.458591982082706684e-01
3.587519470000000001e+04 5.461258027787736502e-01
3.588870700999999826e+04 5.463905984541717054e-01
3.590221932999999262e+04 5.467133322165041998e-01
3.591573163999999815e+04 5.469777964045074992e-01
3.592924394999999640e+04 5.472419889638516777e-01
3.594275626999999804e+04 5.475681478988945194e-01
3.595626858000000357e+04 5.478321555745705451e-01
3.596978089999999793e+04 5.480962984730820553e-01
3.598329321000000346e+04 5.484281421513398369e-01
3.599680553000000509e+04 5.486965008683115652e-01
3.601031783999999607e+04 5.490050766012182226e-01
3.602383015999999770e+04 5.492432551723563927e-01
3.603734246999999596e+04 5.494802243279253151e-01
3.605085478000000148e+04 5.497631798077090570e-01
3.606436710000000312e+04 5.499997981623564458e-01
3.607787941000000137e+04 5.502366700808333233e-01
3.609139173000000301e+04 5.505225630075012422e-01
3.610490404000000126e+04 5.507617016897035089e-01
3.611841636000000290e+04 5.510055110023134306e-01
3.613192867000000115e+04 5.513001005082257544e-01
3.614544097999999940e+04 5.515433159163144472e-01
3.615895330000000104e+04 5.517860403191340302e-01
3.617246560999999929e+04 5.520816341575198738e-01
3.618597793000000092e+04 5.523241873307487282e-01
3.619949023999999918e+04 5.525659940386575819e-01
3.621300256000000081e+04 5.528507421615563855e-01
3.622651486999999906e+04 5.530837510109831712e-01
3.624002719000000070e+04 5.533717337010490844e-01
3.625353949999999895e+04 5.536065045161516762e-01
3.626705180999999720e+04 5.538419009254292869e-01
3.628056412999999884e+04 5.541296456028562689e-01
3.629407643999999709e+04 5.543630037595265181e-01
3.630758875999999873e+04 5.545976285844927967e-01
3.632110106999999698e+04 5.548849503334903899e-01
3.633461338999999862e+04 5.551186129991717566e-01
3.634812570000000414e+04 5.553522665681500659e-01
3.636163801000000240e+04 5.556395417237569578e-01
3.637515033000000403e+04 5.558761854575440253e-01
3.638866263999999501e+04 5.561136305111187284e-01
3.640217495999999664e+04 5.564008485275069305e-01
3.641568726999999490e+04 5.566350715577730313e-01
3.642919958999999653e+04 5.568691533535384819e-01
3.644271190000000206e+04 5.571498868071761423e-01
3.645622421999999642e+04 5.573825069689251066e-01
3.646973653000000195e+04 5.576136372830079457e-01
3.648324884000000020e+04 5.578888476246157690e-01
3.649676116000000184e+04 5.581200030261709299e-01
3.651027347000000009e+04 5.583941854093554813e-01
3.652378579000000173e+04 5.586245255427626510e-01
3.653729809999999998e+04 5.588540917814559528e-01
3.655081042000000161e+04 5.591202251309075333e-01
3.656432272999999986e+04 5.593447743767908653e-01
3.657783504000000539e+04 5.595686289103194433e-01
3.659134735999999975e+04 5.598242208617154603e-01
3.660485966999999800e+04 5.600396212304703525e-01
3.661837198999999964e+04 5.602530373545330233e-01
3.663188429999999789e+04 5.604974266655060600e-01
3.664539661999999953e+04 5.607077568197887940e-01
3.665890892999999778e+04 5.609159284152559488e-01
3.667242124999999942e+04 5.611501511287354527e-01
3.668593355999999767e+04 5.613516550439509034e-01
3.669944586999999592e+04 5.615496840424119007e-01
3.671295818999999756e+04 5.617725870420832157e-01
3.672647050000000309e+04 5.619650561318915161e-01
3.673998281999999745e+04 5.621534423100151834e-01
3.675349513000000297e+04 5.623632165880732003e-01
3.676700745000000461e+04 5.625455148847019471e-01
3.678051976000000286e+04 5.627473377300298285e-01
3.679403208000000450e+04 5.629255332270134415e-01
3.680754438999999547e+04 5.630988463980003411e-01
3.682105670000000100e+04 5.632892742309513201e-01
3.683456902000000264e+04 5.634583758806640530e-01
3.684808133000000089e+04 5.636238256923675749e-01
3.686159365000000253e+04 5.638052571048868256e-01
3.687510596000000078e+04 5.639662259349687012e-01
3.688861827999999514e+04 5.641249216556227797e-01
3.690213059000000067e+04 5.643020495578767726e-01
3.691564289999999892e+04 5.644625477616065368e-01
3.692915522000000055e+04 5.646207806033933796e-01
3.694266752999999881e+04 5.647960076058547996e-01
3.695617985000000044e+04 5.649532466281484977e-01
3.696969215999999869e+04 5.651094107824864432e-01
3.698320448000000033e+04 5.652841616715855722e-01
3.699671678999999858e+04 5.654390012746030036e-01
3.701022911000000022e+04 5.656123145023357335e-01
3.702374141999999847e+04 5.657668155830042345e-01
3.703725373000000400e+04 5.659210747402241282e-01
3.705076605000000563e+04 5.660965133687927420e-01
3.706427836000000389e+04 5.662543926837614316e-01
3.707779067999999825e+04 5.664124512957954272e-01
3.709130298999999650e+04 5.665923979376515929e-01
3.710481530999999814e+04 5.667511394977652328e-01
3.711832761999999639e+04 5.669073809290988697e-01
3.713183993000000191e+04 5.670879256883246677e-01
3.714535225000000355e+04 5.672453003315903741e-01
3.715886456000000180e+04 5.674002757291961574e-01
3.717237688000000344e+04 5.675802427255819405e-01
3.718588918999999441e+04 5.677357484151880351e-01
3.719940150999999605e+04 5.678915181252508493e-01
3.721291382000000158e+04 5.680780950036052879e-01
3.722642613999999594e+04 5.682381840466069756e-01
3.723993845000000147e+04 5.683978363253648913e-01
3.725345075999999972e+04 5.685877728315947843e-01
3.726696308000000136e+04 5.687479414677076850e-01
3.728047538999999961e+04 5.689386599873416106e-01
3.729398771000000124e+04 5.690981665691009495e-01
3.730750001999999949e+04 5.692579034405903515e-01
3.732101234000000113e+04 5.694522948797278161e-01
3.733452464999999938e+04 5.696127511829278678e-01
3.734803695999999763e+04 5.697698512859670217e-01
3.736154927999999927e+04 5.699607655340623857e-01
3.737506158999999752e+04 5.701136919515232826e-01
3.738857390999999916e+04 5.702607674901226664e-01
3.740208621999999741e+04 5.704402088447387831e-01
3.741559853999999905e+04 5.705742666816080444e-01
3.742911085000000458e+04 5.707008973535436791e-01
3.744262316999999894e+04 5.708605862498407069e-01
3.745613547999999719e+04 5.709750105090362071e-01
3.746964778999999544e+04 5.710820593107632792e-01
3.748316010999999708e+04 5.712238807285292541e-01
3.749667242000000260e+04 5.713199853234371961e-01
3.751018473999999696e+04 5.714483350363704917e-01
3.752369705000000249e+04 5.715301773170059496e-01
3.753720937000000413e+04 5.716035252844299253e-01
3.755072168000000238e+04 5.717087373082869739e-01
3.756423400000000402e+04 5.717657243960153624e-01
3.757774631000000227e+04 5.718129815761110457e-01
3.759125862000000052e+04 5.718910149793762221e-01
3.760477093999999488e+04 5.719211568594178008e-01
3.761828325000000041e+04 5.719425328517451224e-01
3.763179557000000204e+04 5.719950170159067149e-01
3.764530788000000030e+04 5.720021348768188352e-01
3.765882020000000193e+04 5.720015431280739415e-01
3.767233251000000018e+04 5.720320976472103025e-01
3.768584481999999844e+04 5.720192212943491228e-01
3.769935714000000007e+04 5.719981051623347357e-01
3.771286944999999832e+04 5.719974822736454412e-01
3.772638176999999996e+04 5.719542192285625992e-01
3.773989407999999821e+04 5.719027513667442886e-01
3.775340639999999985e+04 5.718778403567805757e-01
3.776691870999999810e+04 5.718158058689436496e-01
3.778043102999999974e+04 5.717791976509944973e-01
3.779394333999999799e+04 5.717098083326089819e-01
3.780745565000000352e+04 5.716450620952888695e-01
3.782096797000000515e+04 5.716086812717656729e-01
3.783448027999999613e+04 5.715458937033850439e-01
3.784799259999999776e+04 5.714839551371311277e-01
3.786150490999999602e+04 5.714428642410477321e-01
3.787501722999999765e+04 5.713801738098021055e-01
3.788852953999999590e+04 5.713182778047337651e-01
3.790204185000000143e+04 5.712734752064656529e-01
3.791555417000000307e+04 5.712143651694500113e-01
3.792906648000000132e+04 5.711614412886062420e-01
3.794257880000000296e+04 5.711264511174901637e-01
3.795609111000000121e+04 5.710880001689293550e-01
3.796960343000000285e+04 5.710572845425458954e-01
3.798311574000000110e+04 5.710393581980067745e-01
3.799662805999999546e+04 5.710238811657243341e-01
3.801014037000000098e+04 5.710237778267236441e-01
3.802365267999999924e+04 5.710291595035712486e-01
3.803716500000000087e+04 5.710460097500429377e-01
3.805067731000000640e+04 5.710695868522865926e-01
3.806418963000000076e+04 5.711049876322704666e-01
3.807770193999999901e+04 5.711558131471868860e-01
3.809121426000000065e+04 5.712130001179632766e-01
3.810472656999999890e+04 5.712887851984563836e-01
3.811823889000000054e+04 5.713755882334495828e-01
3.813175119999999879e+04 5.714614894925187372e-01
3.814526350999999704e+04 5.715728145185464681e-01
3.815877582999999868e+04 5.716984779946029382e-01
3.817228813999999693e+04 5.718152405990696296e-01
3.818580045999999857e+04 5.719593889037872803e-01
3.819931277000000409e+04 5.721148857735088855e-01
3.821282508999999845e+04 5.722647961833283725e-01
3.822633740000000398e+04 5.724497769115920454e-01
3.823984970999999496e+04 5.726478508967982606e-01
3.825336202999999659e+04 5.728267444606921499e-01
3.826687434000000212e+04 5.730428202263206927e-01
3.828038665999999648e+04 5.732360698403345944e-01
3.829389897000000201e+04 5.734672214383099709e-01
3.830741129000000365e+04 5.737008082958230393e-01
3.832092360000000190e+04 5.739011488256526849e-01
3.833443592000000353e+04 5.741375336856976430e-01
3.834794823000000179e+04 5.743722538641454767e-01
3.836146054000000004e+04 5.745661005373594588e-01
3.837497285999999440e+04 5.747955018186571285e-01
3.838848516999999993e+04 5.750208081688609196e-01
3.840199749000000156e+04 5.752001126301444778e-01
3.841550979999999981e+04 5.754103745103201772e-01
3.842902212000000145e+04 5.756094560678711725e-01
3.844253442999999970e+04 5.757541170107232098e-01
3.845604673999999795e+04 5.759300762978277755e-01
3.846955905999999959e+04 5.760899538494475003e-01
3.848307136999999784e+04 5.761907872880566162e-01
3.849658368999999948e+04 5.763153489951302610e-01
3.851009599999999773e+04 5.763680282215485340e-01
3.852360831999999937e+04 5.764441560414621524e-01
3.853712063000000489e+04 5.764988637272532301e-01
3.855063294999999925e+04 5.764846849974608611e-01
3.856414525999999751e+04 5.764919365836551624e-01
3.857765757000000303e+04 5.764721767025883237e-01
3.859116988999999739e+04 5.763789089762897389e-01
3.860468220000000292e+04 5.763037107009296722e-01
3.861819452000000456e+04 5.762021672401819172e-01
3.863170682999999553e+04 5.760251055759223471e-01
3.864521914999999717e+04 5.758590111168848669e-01
3.865873145999999542e+04 5.756610635779086937e-01
3.867224377000000095e+04 5.753895524998134947e-01
3.868575609000000259e+04 5.751284929457710637e-01
3.869926840000000084e+04 5.748387562497503378e-01
3.871278072000000247e+04 5.744679626708802944e-01
3.872629303000000073e+04 5.741055668144126045e-01
3.873980535000000236e+04 5.737139416274110726e-01
3.875331766000000061e+04 5.732563799057142084e-01
3.876682998000000225e+04 5.728024394702332378e-01
3.878034229000000050e+04 5.722906435320199714e-01
3.879385459999999875e+04 5.717803112713856217e-01
3.880736692000000039e+04 5.712524543357815343e-01
3.882087922999999864e+04 5.706827106990995935e-01
3.883439155000000028e+04 5.701160124845724431e-01
3.884790385999999853e+04 5.695302174393954697e-01
3.886141618000000017e+04 5.689088862365918597e-01
3.887492848999999842e+04 5.682932348971024838e-01
3.888844081000000006e+04 5.676626321806510500e-01
3.890195311999999831e+04 5.670036610008538647e-01
3.891546543000000383e+04 5.663416277022141898e-01
3.892897774999999820e+04 5.656670769039393587e-01
3.894249005999999645e+04 5.649741244711208310e-01
3.895600237999999808e+04 5.642822518048666858e-01
3.896951469000000361e+04 5.635804693466779369e-01
3.898302700999999797e+04 5.628681003086191126e-01
3.899653932000000350e+04 5.621556666327991447e-01
3.901005162999999447e+04 5.614307591514579032e-01
3.902356395000000339e+04 5.607024072170241347e-01
3.903707626000000164e+04 5.599695695990214439e-01
3.905058857999999600e+04 5.592334714836032505e-01
3.906410089000000153e+04 5.584870105927761674e-01
3.907761320999999589e+04 5.577322138780568261e-01
3.909112552000000142e+04 5.569731745036989867e-01
3.910463784000000305e+04 5.561956801333021172e-01
3.911815015000000130e+04 5.554105334480143874e-01
3.913166245999999956e+04 5.546155241258817759e-01
3.914517478000000119e+04 5.537800255496971857e-01
3.915868708999999944e+04 5.529135500803084025e-01
3.917219941000000108e+04 5.520279167047232871e-01
3.918571171999999933e+04 5.510797793289262669e-01
3.919922404000000097e+04 5.500813195301486047e-01
3.921273634999999922e+04 5.490481609389926687e-01
3.922624865999999747e+04 5.479207565635544341e-01
3.923976097999999911e+04 5.467139030338121763e-01
3.925327329000000464e+04 5.454426668436683778e-01
3.926678560999999900e+04 5.440410075885541152e-01
3.928029791999999725e+04 5.425544422895507424e-01
3.929381023999999888e+04 5.409070710233545576e-01
3.930732254999999714e+04 5.391085409693974206e-01
3.932083486999999877e+04 5.371803691804559744e-01
3.933434717999999702e+04 5.350465159350383804e-01
3.934785949000000255e+04 5.327228288774632503e-01
3.936137180999999691e+04 5.302309700788477853e-01
3.937488412000000244e+04 5.274854977086675945e-01
3.938839644000000408e+04 5.245039328415569413e-01
3.940190875000000233e+04 5.213119505693433187e-01
3.941542107000000397e+04 5.178235272712375936e-01
3.942893337999999494e+04 5.140508841308418786e-01
3.944244569000000047e+04 5.100192220867628690e-01
3.945595801000000210e+04 5.056402665458202828e-01
3.946947032000000036e+04 5.009391815793513558e-01
3.948298264000000199e+04 4.959451331407873642e-01
3.949649495000000024e+04 4.905744610350875057e-01
3.951000727000000188e+04 4.848876855013819487e-01
3.952351958000000741e+04 4.788086860878994488e-01
3.953703190000000177e+04 4.723858542496853219e-01
3.955054421000000002e+04 4.656543353574361666e-01
3.956405651999999827e+04 4.585358622859060929e-01
3.957756883999999991e+04 4.510753036479371869e-01
3.959108114999999816e+04 4.433165242009948770e-01
3.960459346999999980e+04 4.351978080509898983e-01
3.961810577999999805e+04 4.267717327927845195e-01
3.963161809999999969e+04 4.180848412814995863e-01
3.964513040999999794e+04 4.090845299044079675e-01
3.965864272999999957e+04 3.998287386232439733e-01
3.967215503999999783e+04 3.903746804567391759e-01
3.968566735000000335e+04 3.806738777969348453e-01
3.969917966999999771e+04 3.707844130108892688e-01
3.971269197999999597e+04 3.607717185972909579e-01
3.972620429999999760e+04 3.505934774363990702e-01
3.973971661000000313e+04 3.403063165896975661e-01
3.975322892999999749e+04 3.299643789252104664e-01
3.976674124000000302e+04 3.195422222809847779e-01
3.978025355000000127e+04 3.091201752827975602e-01
3.979376587000000291e+04 2.986801133514767614e-01
3.980727817999999388e+04 2.882656554929786119e-01
3.982079049999999552e+04 2.779242011419801872e-01
3.983430281000000105e+04 2.676407585500392150e-01
3.984781512999999541e+04 2.574613562138279299e-01
3.986132744000000093e+04 2.474262600413514590e-01
3.987483976000000257e+04 2.375178577765375831e-01
3.988835207000000082e+04 2.277751015653589339e-01
3.990186438000000635e+04 2.182333738991115712e-01
3.991537670000000071e+04 2.088756758517603118e-01
3.992888900999999896e+04 1.997334078002764579e-01
3.994240133000000060e+04 1.908319603091385985e-01
3.995591363999999885e+04 1.821539504913738117e-01
3.996942596000000049e+04 1.737230753556565088e-01
3.998293826999999874e+04 1.655582945504068260e-01
3.999645057999999699e+04 1.576407280852846482e-01
4.000996289999999863e+04 1.499892238019740198e-01
4.002347520999999688e+04 1.426088703410445802e-01
4.003698752999999851e+04 1.354932753549721036e-01
4.005049984000000404e+04 1.286538176125434363e-01
4.006401216000000568e+04 1.220784540301669829e-01
4.007752446999999665e+04 1.157700348507881422e-01
4.009103678999999829e+04 1.097302440366097337e-01
4.010454909999999654e+04 1.039470620528505779e-01
4.011806141000000207e+04 9.841932024231393739e-02
4.013157373000000371e+04 9.314579775338401035e-02
4.014508604000000196e+04 8.811357416611931281e-02
4.015859835999999632e+04 8.331986062940391347e-02
4.017211067000000185e+04 7.876085925820103251e-02
4.018562299000000348e+04 7.442279130966752976e-02
4.019913530000000173e+04 7.030146042024616737e-02
4.021264760999999999e+04 6.639158511887156833e-02
4.022615992999999435e+04 6.267996599122446777e-02
4.023967223999999987e+04 5.916288723849959241e-02
4.025318456000000151e+04 5.583375465684937283e-02
4.026669686999999976e+04 5.267955658360769233e-02
4.028020919000000140e+04 4.969819605272685764e-02
4.029372150000000693e+04 4.687723297433048220e-02
4.030723381999999401e+04 4.421101701295784836e-02
4.032074612999999954e+04 4.169495388428502702e-02
4.033425843999999779e+04 3.931682713316880795e-02
4.034777075999999943e+04 3.707112965324736026e-02
4.036128307000000495e+04 3.495444337941372437e-02
4.037479538999999204e+04 3.295690471004396327e-02
4.038830769999999757e+04 3.107385218544119615e-02
4.040182001999999920e+04 2.930025495940288133e-02
4.041533232999999746e+04 2.762733720893994702e-02
4.042884464999999909e+04 2.605094247255765327e-02
4.044235696000000462e+04 2.456768343333761914e-02
4.045586926999999559e+04 2.317018229305410279e-02
4.046938158999999723e+04 2.185473417552840497e-02
4.048289389999999548e+04 2.061715025946809707e-02
4.049640622000000440e+04 1.944978713163881406e-02
4.050991853000000265e+04 1.835128811005768551e-02
4.052343085000000428e+04 1.731841372754353015e-02
4.053694315999999526e+04 1.634488381125714582e-02
4.055045547000000079e+04 1.543061141392058737e-02
4.056396779000000242e+04 1.456908277249475796e-02
4.057748010000000068e+04 1.375774162612899282e-02
4.059099241999999504e+04 1.299492762309677370e-02
4.060450472999999329e+04 1.227611738539495859e-02
4.061801704999999492e+04 1.159879686061101971e-02
4.063152936000000045e+04 1.096204809115438814e-02
4.064504168000000209e+04 1.036158292268542745e-02
4.065855399000000034e+04 9.795915636788212963e-03
4.067206630000000587e+04 9.263646780206236803e-03
4.068557862000000750e+04 8.761713124604076156e-03
4.069909093000000576e+04 8.289571842998241444e-03
4.071260325000000012e+04 7.845209152754280268e-03
4.072611555999999837e+04 7.425667754708398585e-03
4.073962788000000000e+04 7.030575318161699956e-03
4.075314019000000553e+04 6.659296673919478694e-03
4.076665249999999651e+04 6.308874645310752656e-03
4.078016481999999814e+04 5.980304127739099335e-03
4.079367712999999640e+04 5.669743220948069394e-03
4.080718944999999803e+04 5.376210227595898047e-03
4.082070176000000356e+04 5.100103753973485136e-03
4.083421408000000520e+04 4.839317572523007399e-03
4.084772638999999617e+04 4.593025535832830075e-03
4.086123870999999781e+04 4.360354074145550256e-03
4.087475102000000334e+04 4.139669936260886862e-03
4.088826333000000159e+04 3.930376197045654281e-03
4.090177565000000322e+04 3.733023292343918848e-03
4.091528796000000148e+04 3.546572533430010239e-03
4.092880027999999584e+04 3.371104107904890086e-03
4.094231259000000136e+04 3.205718063391836681e-03
4.095582491000000300e+04 3.049235361070898407e-03
4.096933722000000125e+04 2.901950594066410143e-03
4.098284952999999950e+04 2.762967424800479369e-03
4.099636185000000842e+04 2.630870684647010523e-03
4.100987415999999939e+04 2.506070548885414983e-03
4.102338648000000103e+04 2.388586806173295923e-03
4.103689878999999200e+04 2.276379490515347340e-03
4.105041110999999364e+04 2.170463687797403313e-03
4.106392342000000644e+04 2.069794388598371598e-03
4.107743573999999353e+04 1.974211268591981143e-03
4.109094804999999906e+04 1.883755212384239730e-03
4.110446035999999731e+04 1.798499074473029801e-03
4.111797267999999895e+04 1.717999351808204749e-03
4.113148499000000447e+04 1.641495236767927289e-03
4.114499730999999883e+04 1.568693198211934406e-03
4.115850962000000436e+04 1.499651778370269780e-03
4.117202194000000600e+04 1.434127097929703727e-03
4.118553424999999697e+04 1.371412030069514608e-03
4.119904656999999861e+04 1.312448768712322225e-03
4.121255887999999686e+04 1.256378003851807380e-03
4.122607119000000239e+04 1.202403306893696112e-03
4.123958351000000403e+04 1.150982449619681811e-03
4.125309582000000228e+04 1.102693319139157234e-03
4.126660814000000391e+04 1.056328673290121397e-03
4.128012045000000217e+04 1.012118307636884502e-03
4.129363277000000380e+04 9.700811936958512668e-04
4.130714507999999478e+04 9.300157431059158505e-04
4.132065739000000031e+04 8.920665535028856220e-04
4.133416971000000194e+04 8.563570419403530734e-04
4.134768202000000019e+04 8.229084608657362149e-04
4.136119434000000183e+04 7.907384060920238629e-04
4.137470664999999281e+04 7.598964695924922009e-04
4.138821896999999444e+04 7.308771340890826132e-04
4.140173128000000725e+04 7.033987987927743744e-04
4.141524360000000161e+04 6.759500791724547568e-04
4.142875590999999986e+04 6.491759899125140384e-04
4.144226821999999083e+04 6.235232276839363340e-04
4.145578053999999247e+04 5.991600168096196171e-04
4.146929285000000527e+04 5.762927581845737760e-04
4.148280516999999963e+04 5.551505560363514252e-04
4.149631747999999789e+04 5.349314413558113731e-04
4.150982979999999952e+04 5.154325023174894911e-04
4.152334211000000505e+04 4.976474672869834548e-04
4.153685441999999603e+04 4.811689453102017781e-04
4.155036673999999766e+04 4.648354605302861919e-04
4.156387904999999591e+04 4.479415503966014908e-04
4.157739136999999027e+04 4.316554637746658875e-04
4.159090368000000308e+04 4.162281669413618167e-04
4.160441600000000471e+04 4.015401025024044942e-04
4.161792830999999569e+04 3.873358480611740649e-04
4.163144062999999733e+04 3.740315570909964727e-04
4.164495294000000285e+04 3.609673627695430447e-04
4.165846525000000111e+04 3.486938351520345683e-04
4.167197757000000274e+04 3.376776397627773000e-04
4.168548987999999372e+04 3.276122990220465647e-04
4.169900220000000263e+04 3.176345158931474441e-04
4.171251451000000088e+04 3.078693542040090623e-04
4.172602683000000252e+04 2.987803391872286603e-04
4.173953914000000077e+04 2.898472092858311562e-04
4.175305145999999513e+04 2.808715653615517652e-04
4.176656377000000793e+04 2.725136993065235477e-04
4.178007607999999891e+04 2.649983187230394019e-04
4.179358840000000055e+04 2.573835164879674378e-04
4.180710070999999880e+04 2.497310921741055316e-04
4.182061303000000044e+04 2.422517707720080356e-04
4.183412534000000596e+04 2.351536985234076985e-04
4.184763765999999305e+04 2.282297647791157276e-04
4.186114996999999858e+04 2.220623444931591535e-04
4.187466227999999683e+04 2.162672749389824912e-04
4.188817459999999846e+04 2.104129416913050029e-04
4.190168691000000399e+04 2.042861808289879076e-04
4.191519922999999835e+04 1.987366326124571318e-04
4.192871154000000388e+04 1.937487853995928714e-04
4.194222386000000552e+04 1.888184608252834709e-04
4.195573616999999649e+04 1.838187014106196975e-04
4.196924849000000540e+04 1.792561185091955459e-04
4.198276079999999638e+04 1.747025348697784004e-04
4.199627311000000191e+04 1.699709778785878653e-04
4.200978542999999627e+04 1.655021665641679101e-04
4.202329774000000180e+04 1.614575636647422644e-04
4.203681006000000343e+04 1.574937968491888244e-04
4.205032237000000168e+04 1.537066310437925330e-04
4.206383469000000332e+04 1.505970027642572018e-04
4.207734699999999430e+04 1.478180317794955932e-04
4.209085930999999982e+04 1.451078709366854333e-04
4.210437163000000146e+04 1.427389626642087115e-04
4.211788393999999971e+04 1.410624777536632760e-04
4.213139626000000135e+04 1.394132949375344798e-04
4.214490856999999232e+04 1.374029469227834946e-04
4.215842088999999396e+04 1.350493538972905017e-04
4.217193320000000676e+04 1.328130451607518103e-04
4.218544552000000112e+04 1.304496277118044210e-04
4.219895782999999938e+04 1.282722654179714768e-04
4.221247013999999035e+04 1.262428538558635794e-04
4.222598245999999199e+04 1.240536891441604652e-04
4.223949476999999752e+04 1.213441563615632462e-04
4.225300708999999915e+04 1.186892003191117908e-04
4.226651939999999740e+04 1.164022882372685812e-04
4.228003171999999176e+04 1.142192479965669657e-04
4.229354403000000457e+04 1.121937030763201599e-04
4.230705633999999554e+04 1.105865913828705995e-04
4.232056865999999718e+04 1.092910030766479395e-04
4.233408097000000998e+04 1.077364887755743626e-04
4.234759329000000434e+04 1.060692461838049671e-04
4.236110560000000260e+04 1.048896077283191573e-04
4.237461792000000423e+04 1.038286999888584175e-04
4.238813022999999521e+04 1.020378961721202086e-04
4.240164254999999685e+04 9.918968925401519261e-05
4.241515486000000237e+04 9.621588008786083714e-05
4.242866717000000062e+04 9.336332105085012390e-05
4.244217949000000226e+04 9.120334993099677757e-05
4.245569180000000051e+04 8.991820716912568784e-05
4.246920412000000942e+04 8.903610277776334331e-05
4.248271643000000040e+04 8.798751582149000989e-05
4.249622875000000204e+04 8.704225159680385401e-05
4.250974105999999301e+04 8.655170275101323023e-05
4.252325337999999465e+04 8.594235387165514853e-05
4.253676569000000745e+04 8.456118569974567967e-05
4.255027799999999843e+04 8.250191232992128772e-05
4.256379032000000007e+04 8.009153357583587499e-05
4.257730262999999832e+04 7.749600445681376125e-05
4.259081494999999995e+04 7.482722592158514417e-05
4.260432726000000548e+04 7.265988835176807946e-05
4.261783957999999984e+04 7.115711388864734291e-05
4.263135188999999809e+04 7.001540515000671014e-05
4.264486419999999634e+04 6.911289150036513255e-05
4.265837651999999798e+04 6.874027358917117058e-05
4.267188883000000351e+04 6.868256349416580189e-05
4.268540115000000515e+04 0.000000000000000000e+00
4.269891347000000678e+04 0.000000000000000000e+00
