3.696969215000000986e+04 0.000000000000000000e+00
3.698320447000000422e+04 0.000000000000000000e+00
3.699671678999999858e+04 2.381630989119360180e-04
3.701022911000000022e+04 2.497961737901076762e-04
3.702374141999999847e+04 2.644076340166057410e-04
3.703725373000000400e+04 2.764669400026421365e-04
3.705076605000000563e+04 2.917278398957074879e-04
3.706427836000000389e+04 3.095725551296602679e-04
3.707779067999999825e+04 3.256352210330325974e-04
3.709130298999999650e+04 3.433306133747559153e-04
3.710481530999999814e+04 3.588113484159253467e-04
3.711832761999999639e+04 3.747323196884061892e-04
3.713183993000000191e+04 3.970617072137155802e-04
3.714535225000000355e+04 4.174964812023462010e-04
3.715886456000000180e+04 4.375375712394479377e-04
3.717237688000000344e+04 4.618762377126587552e-04
3.718588918999999441e+04 4.828935235148945474e-04
3.719940150999999605e+04 5.057349612566621388e-04
3.721291382000000158e+04 5.356098343636583924e-04
3.722642613999999594e+04 5.662700106881041672e-04
3.723993845000000147e+04 5.996994236222079290e-04
3.725345075999999972e+04 6.342707519743352685e-04
3.726696308000000136e+04 6.686206600238897959e-04
3.728047538999999961e+04 7.117733094291744120e-04
3.729398771000000124e+04 7.561581338786093091e-04
3.730750001999999949e+04 7.953791820215151860e-04
3.732101234000000113e+04 8.401741306535299427e-04
3.733452464999999938e+04 8.875162217773196853e-04
3.734803695999999763e+04 9.363009357537398387e-04
3.736154927999999927e+04 9.943181463760953839e-04
3.737506158999999752e+04 1.052808787130818987e-03
3.738857390999999916e+04 1.111371433953315443e-03
3.740208621999999741e+04 1.178848160643290255e-03
3.741559853999999905e+04 1.247964810476562009e-03
3.742911085000000458e+04 1.320039698025206277e-03
3.744262316999999894e+04 1.399942335453501939e-03
3.745613547999999719e+04 1.479183639236297592e-03
3.746964778999999544e+04 1.562218969977788394e-03
3.748316010999999708e+04 1.654417088756065038e-03
3.749667242000000260e+04 1.750937527716955574e-03
3.751018473999999696e+04 1.858423297925223009e-03
3.752369705000000249e+04 1.974398491277294058e-03
3.753720937000000413e+04 2.089952922998689153e-03
3.755072168000000238e+04 2.214403076789208009e-03
3.756423400000000402e+04 2.348105938624602592e-03
3.757774631000000227e+04 2.485265134708367248e-03
3.759125862000000052e+04 2.635807655280785356e-03
3.760477093999999488e+04 2.797982577801468636e-03
3.761828325000000041e+04 2.965187344655158350e-03
3.763179557000000204e+04 3.145029234496801458e-03
3.764530788000000030e+04 3.335130777463439066e-03
3.765882020000000193e+04 3.534301039375264443e-03
3.767233251000000018e+04 3.752557717261158568e-03
3.768584481999999844e+04 3.983433037759069942e-03
3.769935714000000007e+04 4.222514529992848348e-03
3.771286944999999832e+04 4.480692175363875859e-03
3.772638176999999996e+04 4.754841614604440360e-03
3.773989407999999821e+04 5.043366696108183764e-03
3.775340639999999985e+04 5.356989636562331861e-03
3.776691870999999810e+04 5.690050101246172352e-03
3.778043102999999974e+04 6.038632867404510572e-03
3.779394333999999799e+04 6.412455803671705638e-03
3.780745565000000352e+04 6.810064191385788515e-03
3.782096797000000515e+04 7.231266442457552450e-03
3.783448027999999613e+04 7.686307159562441246e-03
3.784799259999999776e+04 8.171041501004892502e-03
3.786150490999999602e+04 8.684717715945268132e-03
3.787501722999999765e+04 9.236901064241196183e-03
3.788852953999999590e+04 9.819567248886060598e-03
3.790204185000000143e+04 1.043540285908408673e-02
3.791555417000000307e+04 1.110204457921684477e-02
3.792906648000000132e+04 1.181130610501464513e-02
3.794257880000000296e+04 1.256537799206443318e-02
3.795609111000000121e+04 1.338254630153892961e-02
3.796960343000000285e+04 1.424930682022309582e-02
3.798311574000000110e+04 1.516830967824749077e-02
3.799662805999999546e+04 1.616212398279810378e-02
3.801014037000000098e+04 1.721745005884028901e-02
3.802365267999999924e+04 1.834221440335546613e-02
3.803716500000000087e+04 1.956022803771625615e-02
3.805067731000000640e+04 2.085320511474009209e-02
3.806418963000000076e+04 2.223366375361335995e-02
3.807770193999999901e+04 2.372053452618477776e-02
3.809121426000000065e+04 2.529855053193918318e-02
3.810472656999999890e+04 2.698303376445413543e-02
3.811823889000000054e+04 2.879345225179680279e-02
3.813175119999999879e+04 3.072240755741866350e-02
3.814526350999999704e+04 3.278546554503181110e-02
3.815877582999999868e+04 3.499674237044012731e-02
3.817228813999999693e+04 3.734969642146994395e-02
3.818580045999999857e+04 3.986062608688952652e-02
3.819931277000000409e+04 4.254681246727576999e-02
3.821282508999999845e+04 4.540734033189024882e-02
3.822633740000000398e+04 4.845864038604796170e-02
3.823984970999999496e+04 5.171963419955165342e-02
3.825336202999999659e+04 5.518520152062811324e-02
3.826687434000000212e+04 5.886651731661461662e-02
3.828038665999999648e+04 6.278031561466446142e-02
3.829389897000000201e+04 6.693138910435610101e-02
3.830741129000000365e+04 7.132228652566145743e-02
3.832092360000000190e+04 7.597731451597604380e-02
3.833443592000000353e+04 8.089653971788325626e-02
3.834794823000000179e+04 8.607573732797685340e-02
3.836146054000000004e+04 9.153909165736388853e-02
3.837497285999999440e+04 9.727337810406382068e-02
3.838848516999999993e+04 1.032793944540682796e-01
3.840199749000000156e+04 1.095788054662963779e-01
3.841550979999999981e+04 1.161555625722191926e-01
3.842902212000000145e+04 1.229989445677898974e-01
3.844253442999999970e+04 1.301173891937422999e-01
3.845604673999999795e+04 1.375021707353114020e-01
3.846955905999999959e+04 1.451307482019911499e-01
3.848307136999999784e+04 1.529988083090030038e-01
3.849658368999999948e+04 1.611036825380424697e-01
3.851009599999999773e+04 1.693942392424483967e-01
3.852360831999999937e+04 1.779011152127487616e-01
3.853712063000000489e+04 1.865921687240539861e-01
3.855063294999999925e+04 1.954093662496776684e-01
3.856414525999999751e+04 2.043807069227808748e-01
3.857765757000000303e+04 2.134736895264780498e-01
3.859116988999999739e+04 2.226176196588542100e-01
3.860468220000000292e+04 2.318566823107082731e-01
3.861819452000000456e+04 2.411532140602561103e-01
3.863170682999999553e+04 2.504203255318842025e-01
3.864521914999999717e+04 2.597308085303029479e-01
3.865873145999999542e+04 2.690451473774658764e-01
3.867224377000000095e+04 2.782941233615184307e-01
3.868575609000000259e+04 2.875302869455456101e-01
3.869926840000000084e+04 2.967237347719640095e-01
3.871278072000000247e+04 3.058119834731656272e-01
3.872629303000000073e+04 3.148466115174106683e-01
3.873980535000000236e+04 3.238115905448671339e-01
3.875331766000000061e+04 3.326513634101406214e-01
3.876682998000000225e+04 3.413960745744036851e-01
3.878034229000000050e+04 3.500288789054716299e-01
3.879385459999999875e+04 3.585462844298470397e-01
3.880736692000000039e+04 3.669153013232450689e-01
3.882087922999999864e+04 3.751551176523468256e-01
3.883439155000000028e+04 3.832073657836015390e-01
3.884790385999999853e+04 3.910700460580456284e-01
3.886141618000000017e+04 3.987548692034726394e-01
3.887492848999999842e+04 4.062393275149702165e-01
3.888844081000000006e+04 4.134964811029063214e-01
3.890195311999999831e+04 4.205387436491535569e-01
3.891546543000000383e+04 4.273628552393395896e-01
3.892897774999999820e+04 4.339329501454651794e-01
3.894249005999999645e+04 4.402490597082079349e-01
3.895600237999999808e+04 4.463203651251919091e-01
3.896951469000000361e+04 4.520994753912295216e-01
3.898302700999999797e+04 4.575947240475995437e-01
3.899653932000000350e+04 4.628218680869205515e-01
3.901005162999999447e+04 4.676918417416568996e-01
3.902356395000000339e+04 4.722536138591184041e-01
3.903707626000000164e+04 4.765301116196165587e-01
3.905058857999999600e+04 4.804982970092692152e-01
3.906410089000000153e+04 4.841808333748568449e-01
3.907761320999999589e+04 4.876004582241755814e-01
3.909112552000000142e+04 4.907551033754946612e-01
3.910463784000000305e+04 4.936402171836167807e-01
3.911815015000000130e+04 4.962916336910901949e-01
3.913166245999999956e+04 4.987103564427432523e-01
3.914517478000000119e+04 5.008662513179711340e-01
3.915868708999999944e+04 5.028131248608891379e-01
3.917219941000000108e+04 5.045549698523427162e-01
3.918571171999999933e+04 5.060611803034222866e-01
3.919922404000000097e+04 5.074015131163570613e-01
3.921273634999999922e+04 5.086009849059454080e-01
3.922624865999999747e+04 5.096245946649933245e-01
3.923976097999999911e+04 5.105286561241211274e-01
3.925327329000000464e+04 5.113538710865090930e-01
3.926678560999999900e+04 5.120475310278986836e-01
3.928029791999999725e+04 5.126780251675407962e-01
3.929381023999999888e+04 5.132093982191637815e-01
3.930732254999999714e+04 5.136474412950878810e-01
3.932083486999999877e+04 5.140357570887073013e-01
3.933434717999999702e+04 5.143506251064670076e-01
3.934785949000000255e+04 5.146049652630059201e-01
3.936137180999999691e+04 5.148457789677457486e-01
3.937488412000000244e+04 5.150290108633845954e-01
3.938839644000000408e+04 5.151896849314524518e-01
3.940190875000000233e+04 5.153715362315925974e-01
3.941542107000000397e+04 5.155199764934667028e-01
3.942893337999999494e+04 5.156720744847917981e-01
3.944244569000000047e+04 5.158541032248511460e-01
3.945595801000000210e+04 5.160045332322767964e-01
3.946947032000000036e+04 5.161589296298072504e-01
3.948298264000000199e+04 5.163386797467359735e-01
3.949649495000000024e+04 5.164831222821034684e-01
3.951000727000000188e+04 5.166620071097831612e-01
3.952351958000000741e+04 5.167936739548046887e-01
3.953703190000000177e+04 5.169297924167480796e-01
3.955054421000000002e+04 5.171227128468709466e-01
3.956405651999999827e+04 5.172851506140561106e-01
3.957756883999999991e+04 5.174548252729261888e-01
3.959108114999999816e+04 5.176971383536596027e-01
3.960459346999999980e+04 5.179139668461837376e-01
3.961810577999999805e+04 5.181351909087403840e-01
3.963161809999999969e+04 5.184045249160447177e-01
3.964513040999999794e+04 5.186282033127663782e-01
3.965864272999999957e+04 5.188426169718513004e-01
3.967215503999999783e+04 5.190949197874086263e-01
3.968566735000000335e+04 5.193012398974260480e-01
3.969917966999999771e+04 5.194931666325453001e-01
3.971269197999999597e+04 5.197377166660740455e-01
3.972620429999999760e+04 5.199580696359119569e-01
3.973971661000000313e+04 5.201796763417293468e-01
3.975322892999999749e+04 5.204471607321325966e-01
3.976674124000000302e+04 5.206777593754783329e-01
3.978025355000000127e+04 5.209431595769525858e-01
3.979376587000000291e+04 5.211551166383067146e-01
3.980727817999999388e+04 5.213510565890582260e-01
3.982079049999999552e+04 5.215685847345766790e-01
3.983430281000000105e+04 5.217167100402971824e-01
3.984781512999999541e+04 5.218542822043437113e-01
3.986132744000000093e+04 5.220236257099338806e-01
3.987483976000000257e+04 5.221404630997728002e-01
3.988835207000000082e+04 5.222529091741439089e-01
3.990186438000000635e+04 5.224036152064404082e-01
3.991537670000000071e+04 5.225117629283597687e-01
3.992888900999999896e+04 5.226170004509717026e-01
3.994240133000000060e+04 5.227664419615595248e-01
3.995591363999999885e+04 5.228671653592719126e-01
3.996942596000000049e+04 5.229484619595652362e-01
3.998293826999999874e+04 5.230571347130161808e-01
3.999645057999999699e+04 5.231136960515552214e-01
4.000996289999999863e+04 5.231589096629933877e-01
4.002347520999999688e+04 5.232011366345930004e-01
4.003698752999999851e+04 5.232203031738931198e-01
4.005049984000000404e+04 5.232563351281499520e-01
4.006401216000000568e+04 5.232793859736165620e-01
4.007752446999999665e+04 5.233135771444287210e-01
4.009103678999999829e+04 5.233668217469450434e-01
4.010454909999999654e+04 5.233978407302457558e-01
4.011806141000000207e+04 5.234302317197617738e-01
4.013157373000000371e+04 5.234795344961381547e-01
4.014508604000000196e+04 5.234925301985714485e-01
4.015859835999999632e+04 5.234958951483246192e-01
4.017211067000000185e+04 5.235150004437768567e-01
4.018562299000000348e+04 5.235049819316375252e-01
4.019913530000000173e+04 5.234986418468281499e-01
4.021264760999999999e+04 5.235245986441582344e-01
4.022615992999999435e+04 5.235311947784373476e-01
4.023967223999999987e+04 5.235428638154149272e-01
4.025318456000000151e+04 5.235952415399715010e-01
4.026669686999999976e+04 5.236357439425226579e-01
4.028020919000000140e+04 5.236946935740819375e-01
4.029372150000000693e+04 5.237261212891420881e-01
4.030723381999999401e+04 5.237518691876053012e-01
4.032074612999999954e+04 5.237972882674589714e-01
4.033425843999999779e+04 5.238104419470011042e-01
4.034777075999999943e+04 5.238214459301141490e-01
4.036128307000000495e+04 5.238550547443764360e-01
4.037479538999999204e+04 5.238622231454763689e-01
4.038830769999999757e+04 5.238832015228661598e-01
4.040182001999999920e+04 5.239448968260262962e-01
4.041533232999999746e+04 5.239819460825846376e-01
4.042884464999999909e+04 5.240253987255175661e-01
4.044235696000000462e+04 5.241102096168550606e-01
4.045586926999999559e+04 5.241586292891181609e-01
4.046938158999999723e+04 5.242063203937478155e-01
4.048289389999999548e+04 5.242867982061081289e-01
4.049640622000000440e+04 5.243223750058109145e-01
4.050991853000000265e+04 5.243569180117388928e-01
4.052343085000000428e+04 5.244357010588431844e-01
4.053694315999999526e+04 5.244702101734016741e-01
4.055045547000000079e+04 5.245357330632823833e-01
4.056396779000000242e+04 5.245688072016382320e-01
4.057748010000000068e+04 5.246169534328742889e-01
4.059099241999999504e+04 5.247236292700987459e-01
4.060450472999999329e+04 5.247904512670560351e-01
4.061801704999999492e+04 5.248621614175346117e-01
4.063152936000000045e+04 5.249818853944332453e-01
4.064504168000000209e+04 5.250394157927049665e-01
4.065855399000000034e+04 5.250957085437214511e-01
4.067206630000000587e+04 5.252027318692956692e-01
4.068557862000000750e+04 5.252487636568181628e-01
4.069909093000000576e+04 5.252921699654805598e-01
4.071260325000000012e+04 5.253980573172633006e-01
4.072611555999999837e+04 5.254406323864219130e-01
4.073962788000000000e+04 5.254856411463134647e-01
4.075314019000000553e+04 5.256047229383820074e-01
4.076665249999999651e+04 5.256657124144114013e-01
4.078016481999999814e+04 5.257952695513381514e-01
4.079367712999999640e+04 5.258606274067227915e-01
4.080718944999999803e+04 5.259266917872679192e-01
4.082070176000000356e+04 5.260464443588708239e-01
4.083421408000000520e+04 5.260877985147670577e-01
4.084772638999999617e+04 5.261225236015468765e-01
4.086123870999999781e+04 5.262197503177648006e-01
4.087475102000000334e+04 5.262368215216821632e-01
4.088826333000000159e+04 5.262520775292327535e-01
4.090177565000000322e+04 5.263443687296817108e-01
4.091528796000000148e+04 5.263611072437086591e-01
4.092880027999999584e+04 5.263856398670234693e-01
4.094231259000000136e+04 5.264927793914419007e-01
4.095582491000000300e+04 5.265222038099617308e-01
4.096933722000000125e+04 5.265469870517975881e-01
4.098284952999999950e+04 5.266521894448615848e-01
4.099636185000000842e+04 5.266687706396774304e-01
4.100987415999999939e+04 5.266737743291587392e-01
4.102338648000000103e+04 5.267558306805659729e-01
4.103689878999999200e+04 5.267496658612506044e-01
4.105041110999999364e+04 5.268151632606145052e-01
4.106392342000000644e+04 5.267861223056223841e-01
4.107743573999999353e+04 5.267644287648149959e-01
4.109094804999999906e+04 5.268323096618470203e-01
4.110446035999999731e+04 5.268166258266918645e-01
4.111797267999999895e+04 5.268020275588759516e-01
4.113148499000000447e+04 5.268814931482210806e-01
4.114499730999999883e+04 5.268712734254228369e-01
4.115850962000000436e+04 5.268544808901811649e-01
4.117202194000000600e+04 5.269195931371677410e-01
4.118553424999999697e+04 5.268917320687694916e-01
4.119904656999999861e+04 5.268560192087619054e-01
4.121255887999999686e+04 5.269067673199631097e-01
4.122607119000000239e+04 5.268694418688444348e-01
4.123958351000000403e+04 5.268348083760868716e-01
4.125309582000000228e+04 5.268962087631529068e-01
4.126660814000000391e+04 5.268840811166999316e-01
4.128012045000000217e+04 5.269674601491540766e-01
4.129363277000000380e+04 5.269735781008008102e-01
4.130714507999999478e+04 5.269950215357221968e-01
4.132065739000000031e+04 5.271109694264048962e-01
4.133416971000000194e+04 5.271484476859895629e-01
4.134768202000000019e+04 5.271886299345414084e-01
4.136119434000000183e+04 5.273120965968606244e-01
4.137470664999999281e+04 5.273516798870045985e-01
4.138821896999999444e+04 5.273923600353246366e-01
4.140173128000000725e+04 5.275178629927615992e-01
4.141524360000000161e+04 5.275645211821110570e-01
4.142875590999999986e+04 5.276215349027750801e-01
4.144226821999999083e+04 5.277736711351095344e-01
4.145578053999999247e+04 5.278763916897992736e-01
4.146929285000000527e+04 5.279958567276549219e-01
4.148280516999999963e+04 5.282017574737570831e-01
4.149631747999999789e+04 5.283439672982978008e-01
4.150982979999999952e+04 5.284942738720380673e-01
4.152334211000000505e+04 5.287189581021523033e-01
4.153685441999999603e+04 5.288843789188352185e-01
4.155036673999999766e+04 5.291212754499011739e-01
4.156387904999999591e+04 5.292899290397297118e-01
4.157739136999999027e+04 5.294566156633969678e-01
4.159090368000000308e+04 5.296982779499694871e-01
4.160441600000000471e+04 5.298911718199352805e-01
4.161792830999999569e+04 5.300945810773939337e-01
4.163144062999999733e+04 5.303634010105423569e-01
4.164495294000000285e+04 5.305833275330296139e-01
4.165846525000000111e+04 5.308113688289505250e-01
4.167197757000000274e+04 5.310961791752797367e-01
4.168548987999999372e+04 5.313248328551168909e-01
4.169900220000000263e+04 5.315462072417851402e-01
4.171251451000000088e+04 5.318009672337606908e-01
4.172602683000000252e+04 5.319923084885149756e-01
4.173953914000000077e+04 5.321722451826855771e-01
4.175305145999999513e+04 5.323761537985814973e-01
4.176656377000000793e+04 5.325260329486463107e-01
4.178007607999999891e+04 5.327019064060593001e-01
4.179358840000000055e+04 5.328369365275247294e-01
4.180710070999999880e+04 5.329545250982630211e-01
4.182061303000000044e+04 5.330929868657974247e-01
4.183412534000000596e+04 5.331908746708763358e-01
4.184763765999999305e+04 5.332780475510376927e-01
4.186114996999999858e+04 5.333722541732949241e-01
4.187466227999999683e+04 5.334115862299050326e-01
4.188817459999999846e+04 5.334230119462828323e-01
4.190168691000000399e+04 5.334239898294595994e-01
4.191519922999999835e+04 5.333664638641740785e-01
4.192871154000000388e+04 5.332877232800389278e-01
4.194222386000000552e+04 5.331988353475682896e-01
4.195573616999999649e+04 5.330677483936943073e-01
4.196924849000000540e+04 5.329218341375221435e-01
4.198276079999999638e+04 5.327800712261032690e-01
4.199627311000000191e+04 5.326090312261588799e-01
4.200978542999999627e+04 5.324119962120476002e-01
4.202329774000000180e+04 5.322151154290913899e-01
4.203681006000000343e+04 5.319933264621199420e-01
4.205032237000000168e+04 5.317610848161795634e-01
4.206383469000000332e+04 5.315007789580938891e-01
4.207734699999999430e+04 5.312310341906019140e-01
4.209085930999999982e+04 5.309437829024850064e-01
4.210437163000000146e+04 5.306350807631322608e-01
4.211788393999999971e+04 5.303209537742168411e-01
4.213139626000000135e+04 5.300075045319654343e-01
4.214490856999999232e+04 5.296846337050249431e-01
4.215842088999999396e+04 5.293595982019767554e-01
4.217193320000000676e+04 5.290370413605663957e-01
4.218544552000000112e+04 5.287217203532404985e-01
4.219895782999999938e+04 5.283978727489281324e-01
4.221247013999999035e+04 5.280612326736123796e-01
4.222598245999999199e+04 5.277280148511080959e-01
4.223949476999999752e+04 5.273923985254549418e-01
4.225300708999999915e+04 5.270349646584808756e-01
4.226651939999999740e+04 5.266660082774823337e-01
4.228003171999999176e+04 5.262699749035871788e-01
4.229354403000000457e+04 5.258502763033969796e-01
4.230705633999999554e+04 5.254038178948333693e-01
4.232056865999999718e+04 5.249436501608643058e-01
4.233408097000000998e+04 5.244692470599583434e-01
4.234759329000000434e+04 5.239571578270083574e-01
4.236110560000000260e+04 5.234030456303191414e-01
4.237461792000000423e+04 5.228286172034501966e-01
4.238813022999999521e+04 5.222089656361089682e-01
4.240164254999999685e+04 5.215288301758130851e-01
4.241515486000000237e+04 5.207940941124848955e-01
4.242866717000000062e+04 5.200019539546727465e-01
4.244217949000000226e+04 5.191079156086760849e-01
4.245569180000000051e+04 5.180830706976587985e-01
4.246920412000000942e+04 5.169433363962936401e-01
4.248271643000000040e+04 5.156748630530566535e-01
4.249622875000000204e+04 5.142711460651684385e-01
4.250974105999999301e+04 5.126522880856660969e-01
4.252325337999999465e+04 5.108789649829348356e-01
4.253676569000000745e+04 5.089355063298454107e-01
4.255027799999999843e+04 5.068001804034439894e-01
4.256379032000000007e+04 5.044261418320226120e-01
4.257730262999999832e+04 5.018212592013672202e-01
4.259081494999999995e+04 4.989843157451825939e-01
4.260432726000000548e+04 4.959048568511472133e-01
4.261783957999999984e+04 4.925601078081606743e-01
4.263135188999999809e+04 4.888524742430282455e-01
4.264486419999999634e+04 4.848401047446801448e-01
4.265837651999999798e+04 4.805270061726113484e-01
4.267188883000000351e+04 4.759221897113796174e-01
4.268540114999999787e+04 4.709056378185745850e-01
4.269891346000000340e+04 4.655356383577105017e-01
4.271242578000000503e+04 4.598671933966513858e-01
4.272593808999999601e+04 4.538975681353283331e-01
4.273945041000000492e+04 4.475575231705817281e-01
4.275296271999999590e+04 4.408281831680765928e-01
4.276647503000000142e+04 4.338113584051407901e-01
4.277998734999999579e+04 4.265233481658748937e-01
4.279349966000000131e+04 4.189368800772347856e-01
4.280701198000000295e+04 4.109116741578480170e-01
4.282052429000000120e+04 4.026655353049352626e-01
4.283403661000000284e+04 3.941978196987886429e-01
4.284754891999999381e+04 3.855303900461357625e-01
4.286106122999999934e+04 3.764973673778820862e-01
4.287457355000000098e+04 3.673140208099756610e-01
4.288808585999999923e+04 3.580125573616106949e-01
4.290159818000000087e+04 3.486220845604302010e-01
4.291511048999999184e+04 3.390124023618351634e-01
4.292862280999999348e+04 3.293484860595367603e-01
4.294213512000000628e+04 3.196873635358064014e-01
4.295564744000000064e+04 3.100178926279248404e-01
4.296915974999999889e+04 3.002862346281022776e-01
4.298267206000000442e+04 2.905930951016190700e-01
4.299618438000000606e+04 2.809657292268769591e-01
4.300969668999999703e+04 2.714242773505540773e-01
4.302320900999999867e+04 2.619503979265558891e-01
4.303672131999999692e+04 2.525768540989565825e-01
4.305023363999999128e+04 2.433738745741954868e-01
4.306374595000000409e+04 2.343261381423809020e-01
4.307725825999999506e+04 2.254309201931196938e-01
4.309077057999999670e+04 2.167298144156461770e-01
4.310428289000000950e+04 2.082266292323170787e-01
4.311779521000000386e+04 1.999352986944018806e-01
4.313130752000000211e+04 1.918588842429951591e-01
4.314481984000000375e+04 1.839893078353580791e-01
4.315833214999999473e+04 1.763447755431519215e-01
4.317184446999999636e+04 1.689339866590909567e-01
4.318535678000000189e+04 1.617305954189791617e-01
4.319886909000000014e+04 1.547505889269187862e-01
4.321238141000000178e+04 1.480069079622198247e-01
4.322589372000000731e+04 1.414778115229202160e-01
4.323940604000000894e+04 1.351681425716780849e-01
4.325291834999999992e+04 1.290875443746326290e-01
4.326643067000000156e+04 1.232150326034992527e-01
4.327994297999999253e+04 1.175568078087863289e-01
4.329345529999999417e+04 1.121162387400418542e-01
4.330696761000000697e+04 1.068753348421503657e-01
4.332047991999999795e+04 1.018367584620414740e-01
4.333399223999999958e+04 9.698802989344085246e-02
4.334750454999999783e+04 9.233475091073910235e-02
4.336101686999999947e+04 8.787410195470836405e-02
4.337452918000000500e+04 8.358441227483898173e-02
4.338804149999999936e+04 7.946868384486470427e-02
4.340155380999999761e+04 7.553221287460448741e-02
4.341506611999999586e+04 7.175554686192153753e-02
4.342857843999999750e+04 6.813419829441444420e-02
4.344209075000000303e+04 6.466991696606542994e-02
4.345560306999999739e+04 6.136226775492393398e-02
4.346911538000000292e+04 5.820537768112454130e-02
4.348262769999999728e+04 5.519115472030833996e-02
4.349614001000000280e+04 5.230790225523056225e-02
4.350965233000000444e+04 4.956519300999660815e-02
4.352316464000000269e+04 4.695150704724950635e-02
4.353667695000000094e+04 4.445747770416311889e-02
4.355018926999999530e+04 4.208018800695807748e-02
4.356370158000000083e+04 3.982551951192300765e-02
4.357721390000000247e+04 3.767726418218639295e-02
4.359072621000000072e+04 3.563182767316884492e-02
4.360423853000000236e+04 3.368312228028593619e-02
4.361775083999999333e+04 3.184558117005661937e-02
4.363126315000000614e+04 3.009843596857669779e-02
4.364477547000000777e+04 2.843690108783757456e-02
4.365828777999999875e+04 2.685642199301017594e-02
4.367180010000000038e+04 2.537177136585651652e-02
4.368531240999999136e+04 2.396191042085518350e-02
4.369882472999999300e+04 2.262296438489255768e-02
4.371233703999999852e+04 2.135162007924020638e-02
4.372584936000000016e+04 2.015885330043113571e-02
4.373936166999999841e+04 1.902809803789918403e-02
4.375287398000000394e+04 1.795455862243226092e-02
4.376638630000000558e+04 1.694181073821636463e-02
4.377989860999999655e+04 1.599544377125044700e-02
4.379341092999999819e+04 1.509880422607989131e-02
4.380692323999999644e+04 1.424284676383514962e-02
4.382043555999999080e+04 1.343319949479457667e-02
4.383394787000000360e+04 1.267657771908455890e-02
4.384746017999999458e+04 1.196339106287996022e-02
4.386097249999999622e+04 1.128245302113452773e-02
4.387448481000000902e+04 1.064431844115740905e-02
4.388799713000000338e+04 1.004736277165732203e-02
4.390150944000000163e+04 9.486411171176814192e-03
4.391502176000000327e+04 8.948917090990547371e-03
4.392853406999999424e+04 8.448725983125035185e-03
4.394204638999999588e+04 7.980254007127157365e-03
4.395555870000000141e+04 7.540610770425404570e-03
4.396907100999999966e+04 7.113962775347484717e-03
4.398258332999999402e+04 6.719373073292607065e-03
4.399609564000000682e+04 6.351528221919451080e-03
4.400960796000000846e+04 6.007141053493100270e-03
4.402312026999999944e+04 5.674315913009445912e-03
4.403663259000000107e+04 5.364913716982526101e-03
4.405014489999999205e+04 5.078749923917088259e-03
4.406365721999999369e+04 4.807001819432490594e-03
4.407716953000000649e+04 4.542349484549597707e-03
4.409068183999999746e+04 4.294407205920616581e-03
4.410419415999999910e+04 4.068889982280154798e-03
4.411770646999999735e+04 3.857327583984593560e-03
4.413121878999999899e+04 3.654375624224996850e-03
4.414473110000000452e+04 3.461910278701612470e-03
4.415824341999999888e+04 3.288854251865798960e-03
4.417175573000000441e+04 3.120889211537452006e-03
4.418526803999999538e+04 2.958831284288607720e-03
4.419878036000000429e+04 2.802786449876606273e-03
4.421229266999999527e+04 2.667034077600299001e-03
4.422580498999999691e+04 2.534723938160201012e-03
4.423931730000000243e+04 2.406303405664572508e-03
4.425282961999999679e+04 2.282212164739629966e-03
4.426634193000000232e+04 2.172125307862965166e-03
4.427985425000000396e+04 2.066748012710473495e-03
4.429336656000000221e+04 1.963060882073547862e-03
4.430687887000000046e+04 1.865673496900812148e-03
4.432039118999999482e+04 1.778145251346592700e-03
4.433390350000000035e+04 1.696404113580286550e-03
4.434741582000000199e+04 1.612751551933833431e-03
4.436092813000000024e+04 1.536094320298580194e-03
4.437444045000000187e+04 1.465979192939587334e-03
4.438795275999999285e+04 1.402451918310178205e-03
4.440146507000000565e+04 1.333680711025249594e-03
4.441497739000000729e+04 1.271318837878894969e-03
4.442848969999999827e+04 1.214462895154347485e-03
4.444200201999999990e+04 1.162011483076820203e-03
4.445551432999999088e+04 1.104277752119417824e-03
4.446902664999999979e+04 1.050393276254627190e-03
4.448253895999999804e+04 1.004822719306077642e-03
4.449605127999999968e+04 9.664275634128670963e-04
4.450956358999999793e+04 9.261662323958387609e-04
4.452307590000000346e+04 8.850655315908441357e-04
4.453658822000000509e+04 8.503765586957136259e-04
4.455010052999999607e+04 8.154831724837616333e-04
4.456361284999999771e+04 7.795296903061435696e-04
4.457712515999999596e+04 7.405969388644682069e-04
4.459063747999999032e+04 7.099575246906420552e-04
4.460414979000000312e+04 6.803142025702364152e-04
4.461766211000000476e+04 6.503663863966056705e-04
4.463117441999999573e+04 6.198559690885931117e-04
4.464468673000000854e+04 5.972066096596364421e-04
4.465819905000000290e+04 5.785506864227180860e-04
4.467171136000000115e+04 5.559319868867839505e-04
4.468522368000000279e+04 5.301118629057521630e-04
4.469873598999999376e+04 5.061388735163119615e-04
4.471224831000000995e+04 4.868717094446259244e-04
4.472576062000000093e+04 4.630669798573235768e-04
4.473927292999999918e+04 4.416775807123737158e-04
4.475278524999999354e+04 4.235563800902693255e-04
4.476629756000000634e+04 4.159121976138633139e-04
4.477980988000000798e+04 4.029990114584361643e-04
4.479332218999999895e+04 3.869729994734315563e-04
4.480683451000000059e+04 3.707002097403929255e-04
4.482034681999999884e+04 3.592014284448717763e-04
4.483385914000000048e+04 3.467578617342790409e-04
4.484737145000000601e+04 3.294786689210518153e-04
4.486088375999999698e+04 3.156341005076531651e-04
4.487439607999999862e+04 3.047879058853121786e-04
4.488790838999999687e+04 2.967550963559550080e-04
4.490142070999999851e+04 2.804362554163649887e-04
4.491493302000000403e+04 2.667271531732947633e-04
4.492844533999999840e+04 2.553237361201417927e-04
4.494195765000000392e+04 2.472156598290473680e-04
4.495546995999999490e+04 2.364727881389900742e-04
4.496898228000000381e+04 2.268338992218033165e-04
4.498249458999999479e+04 2.226883137727296341e-04
4.499600690999999642e+04 2.177344723875214872e-04
4.500951922000000195e+04 2.103874964290222964e-04
4.502303153999999631e+04 1.995729082850718217e-04
4.503654385000000184e+04 1.960079456259313413e-04
4.505005617000000348e+04 1.917477507472006859e-04
4.506356848000000173e+04 1.857919792174108080e-04
4.507708079000000726e+04 1.735026777574233110e-04
4.509059310999999434e+04 1.661402260520074942e-04
4.510410541999999987e+04 1.617291218761316058e-04
4.511761774000000150e+04 1.551831902573185885e-04
4.513113004999999976e+04 1.473715091597602612e-04
4.514464237000000139e+04 1.409378560548483963e-04
4.515815467999999237e+04 1.392716086348200623e-04
4.517166699000000517e+04 1.308696954717007200e-04
4.518517930999999953e+04 1.190642987791014188e-04
4.519869161999999778e+04 1.103796399359215769e-04
4.521220393999999942e+04 1.093668348074582102e-04
4.522571624999999767e+04 1.079818528390322864e-04
4.523922856999999931e+04 1.038232708058735467e-04
4.525274087999999756e+04 9.900669220316294630e-05
4.526625319999999920e+04 9.658205623161912428e-05
4.527976550999999745e+04 9.696156255043328787e-05
4.529327782000000298e+04 9.171130125296040627e-05
4.530679014000000461e+04 8.741917126598286578e-05
4.532030244999999559e+04 8.434408278509723594e-05
4.533381476999999722e+04 8.627177948395206315e-05
4.534732708000000275e+04 8.387070844176875806e-05
4.536083940000000439e+04 7.898553212775030069e-05
4.537435171000000264e+04 7.408223217918935360e-05
4.538786403000000428e+04 7.264624702948394063e-05
4.540137633999999525e+04 7.206887328191658999e-05
4.541488865000000078e+04 6.825965521226718498e-05
4.542840097000000242e+04 6.497217620091338475e-05
4.544191328000000067e+04 6.233911571382987603e-05
4.545542559999999503e+04 6.095399171982349439e-05
4.546893791000000783e+04 5.780974095930009599e-05
4.548245023000000947e+04 5.576677232039042186e-05
4.549596254000000044e+04 5.619818936125280622e-05
4.550947484999999870e+04 5.532686454615225034e-05
4.552298716999999306e+04 5.238195726892996222e-05
4.553649948000000586e+04 4.806005572917519843e-05
4.555001180000000750e+04 4.788001237261741864e-05
4.556352410999999847e+04 4.864506762456776259e-05
4.557703643000000011e+04 4.753948375233513939e-05
4.559054873999999836e+04 4.158662767167872938e-05
4.560406106000000000e+04 3.921084356919293194e-05
4.561757337000000553e+04 4.032581396287587849e-05
4.563108567999999650e+04 4.079997518865025030e-05
4.564459799999999814e+04 3.913456097099283798e-05
4.565811030999999639e+04 3.546059243109099670e-05
4.567162262999999803e+04 3.469642211743568583e-05
4.568513493999999628e+04 3.365452081558574027e-05
4.569864725999999791e+04 3.280273967875996254e-05
4.571215957000000344e+04 3.067521554976387655e-05
4.572567188000000169e+04 2.978748848699013047e-05
4.573918420000000333e+04 3.004451780840753665e-05
4.575269650999999430e+04 2.840624847390773471e-05
4.576620882999999594e+04 2.659742686106789182e-05
4.577972114000000147e+04 2.459468882655917906e-05
4.579323345999999583e+04 2.489790100852242911e-05
4.580674577000000136e+04 2.394055689756751100e-05
4.582025809000000299e+04 2.180625863328823863e-05
4.583377040000000125e+04 1.802743156625201594e-05
4.584728271000000677e+04 1.642313946423856719e-05
4.586079502999999386e+04 1.638013584744947571e-05
4.587430733999999939e+04 1.494146442719315976e-05
4.588781966000000102e+04 1.444412245297950301e-05
4.590133196999999927e+04 1.483258010709414605e-05
4.591484429000000091e+04 1.616490262091288785e-05
4.592835659999999189e+04 1.595315625583242525e-05
4.594186891000000469e+04 1.508507460341424833e-05
4.595538122999999905e+04 1.366147392499981508e-05
4.596889353999999730e+04 1.354000974447410525e-05
4.598240585999999894e+04 1.393372472395284017e-05
4.599591817000000447e+04 1.252574875376647876e-05
4.600943049000000610e+04 1.175154836246668630e-05
4.602294281000000774e+04 0.000000000000000000e+00
4.603645513000000210e+04 0.000000000000000000e+00
