# WAVELENGTH THROUGHPUT
5.000000000000000278e-02 0.000000000000000000e+00
9.979999999999999982e-02 0.000000000000000000e+00
9.990000000000000269e-02 0.000000000000000000e+00
1.000000000000000056e-01 0.000000000000000000e+00
1.010000000000000064e-01 0.000000000000000000e+00
1.019999999999999934e-01 0.000000000000000000e+00
1.029999999999999943e-01 0.000000000000000000e+00
1.039999999999999952e-01 0.000000000000000000e+00
1.049999999999999961e-01 0.000000000000000000e+00
1.059999999999999970e-01 0.000000000000000000e+00
1.069999999999999979e-01 0.000000000000000000e+00
1.079999999999999988e-01 0.000000000000000000e+00
1.089999999999999997e-01 0.000000000000000000e+00
1.100000000000000006e-01 0.000000000000000000e+00
1.110000000000000014e-01 0.000000000000000000e+00
1.120000000000000023e-01 0.000000000000000000e+00
1.130000000000000032e-01 0.000000000000000000e+00
1.140000000000000041e-01 0.000000000000000000e+00
1.150000000000000050e-01 0.000000000000000000e+00
1.160000000000000059e-01 0.000000000000000000e+00
1.170000000000000068e-01 0.000000000000000000e+00
1.179999999999999938e-01 0.000000000000000000e+00
1.189999999999999947e-01 0.000000000000000000e+00
1.199999999999999956e-01 0.000000000000000000e+00
1.209999999999999964e-01 0.000000000000000000e+00
1.219999999999999973e-01 0.000000000000000000e+00
1.229999999999999982e-01 0.000000000000000000e+00
1.239999999999999991e-01 0.000000000000000000e+00
1.250000000000000000e-01 0.000000000000000000e+00
1.260000000000000009e-01 0.000000000000000000e+00
1.270000000000000018e-01 0.000000000000000000e+00
1.280000000000000027e-01 0.000000000000000000e+00
1.290000000000000036e-01 0.000000000000000000e+00
1.300000000000000044e-01 0.000000000000000000e+00
1.310000000000000053e-01 0.000000000000000000e+00
1.320000000000000062e-01 0.000000000000000000e+00
1.330000000000000071e-01 0.000000000000000000e+00
1.340000000000000080e-01 0.000000000000000000e+00
1.350000000000000089e-01 0.000000000000000000e+00
1.360000000000000098e-01 0.000000000000000000e+00
1.370000000000000107e-01 0.000000000000000000e+00
1.380000000000000115e-01 0.000000000000000000e+00
1.390000000000000124e-01 0.000000000000000000e+00
1.400000000000000133e-01 0.000000000000000000e+00
1.409999999999999865e-01 0.000000000000000000e+00
1.419999999999999873e-01 0.000000000000000000e+00
1.429999999999999882e-01 0.000000000000000000e+00
1.439999999999999891e-01 0.000000000000000000e+00
1.449999999999999900e-01 0.000000000000000000e+00
1.459999999999999909e-01 0.000000000000000000e+00
1.469999999999999918e-01 0.000000000000000000e+00
1.479999999999999927e-01 0.000000000000000000e+00
1.489999999999999936e-01 0.000000000000000000e+00
1.499999999999999944e-01 0.000000000000000000e+00
1.509999999999999953e-01 0.000000000000000000e+00
1.519999999999999962e-01 0.000000000000000000e+00
1.529999999999999971e-01 0.000000000000000000e+00
1.539999999999999980e-01 0.000000000000000000e+00
1.549999999999999989e-01 0.000000000000000000e+00
1.559999999999999998e-01 0.000000000000000000e+00
1.570000000000000007e-01 0.000000000000000000e+00
1.580000000000000016e-01 0.000000000000000000e+00
1.590000000000000024e-01 0.000000000000000000e+00
1.600000000000000033e-01 0.000000000000000000e+00
1.610000000000000042e-01 0.000000000000000000e+00
1.620000000000000051e-01 0.000000000000000000e+00
1.630000000000000060e-01 0.000000000000000000e+00
1.640000000000000069e-01 0.000000000000000000e+00
1.650000000000000078e-01 0.000000000000000000e+00
1.660000000000000087e-01 0.000000000000000000e+00
1.670000000000000095e-01 0.000000000000000000e+00
1.680000000000000104e-01 0.000000000000000000e+00
1.690000000000000113e-01 0.000000000000000000e+00
1.700000000000000122e-01 0.000000000000000000e+00
1.710000000000000131e-01 0.000000000000000000e+00
1.719999999999999862e-01 0.000000000000000000e+00
1.729999999999999871e-01 0.000000000000000000e+00
1.739999999999999880e-01 0.000000000000000000e+00
1.749999999999999889e-01 0.000000000000000000e+00
1.759999999999999898e-01 0.000000000000000000e+00
1.769999999999999907e-01 0.000000000000000000e+00
1.779999999999999916e-01 0.000000000000000000e+00
1.789999999999999925e-01 0.000000000000000000e+00
1.799999999999999933e-01 0.000000000000000000e+00
1.809999999999999942e-01 0.000000000000000000e+00
1.819999999999999951e-01 0.000000000000000000e+00
1.829999999999999960e-01 0.000000000000000000e+00
1.839999999999999969e-01 0.000000000000000000e+00
1.849999999999999978e-01 0.000000000000000000e+00
1.859999999999999987e-01 0.000000000000000000e+00
1.869999999999999996e-01 0.000000000000000000e+00
1.880000000000000004e-01 0.000000000000000000e+00
1.890000000000000013e-01 0.000000000000000000e+00
1.900000000000000022e-01 0.000000000000000000e+00
1.910000000000000031e-01 0.000000000000000000e+00
1.920000000000000040e-01 0.000000000000000000e+00
1.930000000000000049e-01 0.000000000000000000e+00
1.940000000000000058e-01 0.000000000000000000e+00
1.950000000000000067e-01 0.000000000000000000e+00
1.960000000000000075e-01 0.000000000000000000e+00
1.970000000000000084e-01 0.000000000000000000e+00
1.980000000000000093e-01 0.000000000000000000e+00
1.988000000000000045e-01 0.000000000000000000e+00
1.988999999999999935e-01 0.000000000000000000e+00
1.990000000000000102e-01 0.000000000000000000e+00
2.000000000000000111e-01 0.000000000000000000e+00
2.010000000000000120e-01 0.000000000000000000e+00
2.020000000000000129e-01 0.000000000000000000e+00
2.030000000000000138e-01 0.000000000000000000e+00
2.039999999999999869e-01 0.000000000000000000e+00
2.049999999999999878e-01 0.000000000000000000e+00
2.059999999999999887e-01 0.000000000000000000e+00
2.069999999999999896e-01 0.000000000000000000e+00
2.079999999999999905e-01 0.000000000000000000e+00
2.089999999999999913e-01 0.000000000000000000e+00
2.099999999999999922e-01 0.000000000000000000e+00
2.109999999999999931e-01 0.000000000000000000e+00
2.119999999999999940e-01 0.000000000000000000e+00
2.129999999999999949e-01 0.000000000000000000e+00
2.139999999999999958e-01 0.000000000000000000e+00
2.149999999999999967e-01 0.000000000000000000e+00
2.159999999999999976e-01 0.000000000000000000e+00
2.169999999999999984e-01 0.000000000000000000e+00
2.179999999999999993e-01 0.000000000000000000e+00
2.190000000000000002e-01 0.000000000000000000e+00
2.200000000000000011e-01 0.000000000000000000e+00
2.210000000000000020e-01 0.000000000000000000e+00
2.220000000000000029e-01 0.000000000000000000e+00
2.230000000000000038e-01 0.000000000000000000e+00
2.240000000000000047e-01 0.000000000000000000e+00
2.250000000000000056e-01 0.000000000000000000e+00
2.260000000000000064e-01 0.000000000000000000e+00
2.270000000000000073e-01 0.000000000000000000e+00
2.280000000000000082e-01 0.000000000000000000e+00
2.290000000000000091e-01 0.000000000000000000e+00
2.300000000000000100e-01 0.000000000000000000e+00
2.310000000000000109e-01 0.000000000000000000e+00
2.320000000000000118e-01 0.000000000000000000e+00
2.330000000000000127e-01 0.000000000000000000e+00
2.340000000000000135e-01 0.000000000000000000e+00
2.349999999999999867e-01 0.000000000000000000e+00
2.359999999999999876e-01 0.000000000000000000e+00
2.369999999999999885e-01 0.000000000000000000e+00
2.379999999999999893e-01 0.000000000000000000e+00
2.389999999999999902e-01 0.000000000000000000e+00
2.399999999999999911e-01 0.000000000000000000e+00
2.409999999999999920e-01 0.000000000000000000e+00
2.419999999999999929e-01 0.000000000000000000e+00
2.429999999999999938e-01 0.000000000000000000e+00
2.439999999999999947e-01 0.000000000000000000e+00
2.449999999999999956e-01 0.000000000000000000e+00
2.459999999999999964e-01 0.000000000000000000e+00
2.469999999999999973e-01 0.000000000000000000e+00
2.479999999999999982e-01 0.000000000000000000e+00
2.489999999999999991e-01 0.000000000000000000e+00
2.500000000000000000e-01 0.000000000000000000e+00
2.510000000000000009e-01 0.000000000000000000e+00
2.520000000000000018e-01 0.000000000000000000e+00
2.530000000000000027e-01 0.000000000000000000e+00
2.540000000000000036e-01 0.000000000000000000e+00
2.550000000000000044e-01 0.000000000000000000e+00
2.560000000000000053e-01 0.000000000000000000e+00
2.570000000000000062e-01 0.000000000000000000e+00
2.580000000000000071e-01 0.000000000000000000e+00
2.590000000000000080e-01 0.000000000000000000e+00
2.600000000000000089e-01 0.000000000000000000e+00
2.610000000000000098e-01 0.000000000000000000e+00
2.620000000000000107e-01 0.000000000000000000e+00
2.630000000000000115e-01 0.000000000000000000e+00
2.640000000000000124e-01 0.000000000000000000e+00
2.650000000000000133e-01 0.000000000000000000e+00
2.660000000000000142e-01 0.000000000000000000e+00
2.670000000000000151e-01 0.000000000000000000e+00
2.680000000000000160e-01 0.000000000000000000e+00
2.690000000000000169e-01 0.000000000000000000e+00
2.700000000000000178e-01 0.000000000000000000e+00
2.710000000000000187e-01 0.000000000000000000e+00
2.720000000000000195e-01 0.000000000000000000e+00
2.730000000000000204e-01 0.000000000000000000e+00
2.740000000000000213e-01 0.000000000000000000e+00
2.750000000000000222e-01 0.000000000000000000e+00
2.760000000000000231e-01 0.000000000000000000e+00
2.770000000000000240e-01 0.000000000000000000e+00
2.780000000000000249e-01 0.000000000000000000e+00
2.790000000000000258e-01 0.000000000000000000e+00
2.800000000000000266e-01 0.000000000000000000e+00
2.810000000000000275e-01 0.000000000000000000e+00
2.819999999999999729e-01 0.000000000000000000e+00
2.829999999999999738e-01 0.000000000000000000e+00
2.839999999999999747e-01 0.000000000000000000e+00
2.849999999999999756e-01 0.000000000000000000e+00
2.859999999999999765e-01 0.000000000000000000e+00
2.869999999999999774e-01 0.000000000000000000e+00
2.879999999999999782e-01 0.000000000000000000e+00
2.889999999999999791e-01 0.000000000000000000e+00
2.899999999999999800e-01 0.000000000000000000e+00
2.909999999999999809e-01 0.000000000000000000e+00
2.919999999999999818e-01 0.000000000000000000e+00
2.929999999999999827e-01 0.000000000000000000e+00
2.939999999999999836e-01 0.000000000000000000e+00
2.949999999999999845e-01 0.000000000000000000e+00
2.959999999999999853e-01 0.000000000000000000e+00
2.969999999999999862e-01 0.000000000000000000e+00
2.979999999999999871e-01 0.000000000000000000e+00
2.989999999999999880e-01 0.000000000000000000e+00
2.999999999999999889e-01 0.000000000000000000e+00
3.009999999999999898e-01 0.000000000000000000e+00
3.019999999999999907e-01 0.000000000000000000e+00
3.029999999999999916e-01 0.000000000000000000e+00
3.039999999999999925e-01 0.000000000000000000e+00
3.049999999999999933e-01 0.000000000000000000e+00
3.059999999999999942e-01 0.000000000000000000e+00
3.069999999999999951e-01 0.000000000000000000e+00
3.079999999999999960e-01 0.000000000000000000e+00
3.089999999999999969e-01 0.000000000000000000e+00
3.099999999999999978e-01 0.000000000000000000e+00
3.109999999999999987e-01 0.000000000000000000e+00
3.119999999999999996e-01 0.000000000000000000e+00
3.130000000000000004e-01 0.000000000000000000e+00
3.140000000000000013e-01 0.000000000000000000e+00
3.150000000000000022e-01 0.000000000000000000e+00
3.160000000000000031e-01 0.000000000000000000e+00
3.170000000000000040e-01 0.000000000000000000e+00
3.180000000000000049e-01 0.000000000000000000e+00
3.190000000000000058e-01 0.000000000000000000e+00
3.200000000000000067e-01 0.000000000000000000e+00
3.210000000000000075e-01 0.000000000000000000e+00
3.220000000000000084e-01 0.000000000000000000e+00
3.230000000000000093e-01 0.000000000000000000e+00
3.240000000000000102e-01 0.000000000000000000e+00
3.250000000000000111e-01 0.000000000000000000e+00
3.260000000000000120e-01 0.000000000000000000e+00
3.270000000000000129e-01 0.000000000000000000e+00
3.280000000000000138e-01 0.000000000000000000e+00
3.290000000000000147e-01 0.000000000000000000e+00
3.300000000000000155e-01 0.000000000000000000e+00
3.310000000000000164e-01 0.000000000000000000e+00
3.320000000000000173e-01 0.000000000000000000e+00
3.330000000000000182e-01 0.000000000000000000e+00
3.340000000000000191e-01 0.000000000000000000e+00
3.350000000000000200e-01 0.000000000000000000e+00
3.360000000000000209e-01 0.000000000000000000e+00
3.370000000000000218e-01 0.000000000000000000e+00
3.380000000000000226e-01 0.000000000000000000e+00
3.390000000000000235e-01 0.000000000000000000e+00
3.400000000000000244e-01 0.000000000000000000e+00
3.410000000000000253e-01 0.000000000000000000e+00
3.420000000000000262e-01 0.000000000000000000e+00
3.430000000000000271e-01 0.000000000000000000e+00
3.439999999999999725e-01 0.000000000000000000e+00
3.449999999999999734e-01 0.000000000000000000e+00
3.459999999999999742e-01 0.000000000000000000e+00
3.469999999999999751e-01 0.000000000000000000e+00
3.479999999999999760e-01 0.000000000000000000e+00
3.489999999999999769e-01 0.000000000000000000e+00
3.499999999999999778e-01 0.000000000000000000e+00
3.509999999999999787e-01 0.000000000000000000e+00
3.519999999999999796e-01 0.000000000000000000e+00
3.529999999999999805e-01 0.000000000000000000e+00
3.539999999999999813e-01 0.000000000000000000e+00
3.549999999999999822e-01 0.000000000000000000e+00
3.559999999999999831e-01 0.000000000000000000e+00
3.569999999999999840e-01 0.000000000000000000e+00
3.579999999999999849e-01 0.000000000000000000e+00
3.589999999999999858e-01 0.000000000000000000e+00
3.599999999999999867e-01 0.000000000000000000e+00
3.609999999999999876e-01 0.000000000000000000e+00
3.619999999999999885e-01 0.000000000000000000e+00
3.629999999999999893e-01 0.000000000000000000e+00
3.639999999999999902e-01 0.000000000000000000e+00
3.649999999999999911e-01 0.000000000000000000e+00
3.659999999999999920e-01 0.000000000000000000e+00
3.669999999999999929e-01 0.000000000000000000e+00
3.679999999999999938e-01 0.000000000000000000e+00
3.689999999999999947e-01 0.000000000000000000e+00
3.699999999999999956e-01 0.000000000000000000e+00
3.709999999999999964e-01 0.000000000000000000e+00
3.719999999999999973e-01 0.000000000000000000e+00
3.729999999999999982e-01 0.000000000000000000e+00
3.739999999999999991e-01 0.000000000000000000e+00
3.750000000000000000e-01 0.000000000000000000e+00
3.760000000000000009e-01 0.000000000000000000e+00
3.770000000000000018e-01 0.000000000000000000e+00
3.780000000000000027e-01 0.000000000000000000e+00
3.790000000000000036e-01 0.000000000000000000e+00
3.800000000000000044e-01 0.000000000000000000e+00
3.810000000000000053e-01 0.000000000000000000e+00
3.820000000000000062e-01 0.000000000000000000e+00
3.830000000000000071e-01 0.000000000000000000e+00
3.840000000000000080e-01 0.000000000000000000e+00
3.850000000000000089e-01 0.000000000000000000e+00
3.860000000000000098e-01 0.000000000000000000e+00
3.870000000000000107e-01 0.000000000000000000e+00
3.880000000000000115e-01 0.000000000000000000e+00
3.890000000000000124e-01 0.000000000000000000e+00
3.900000000000000133e-01 0.000000000000000000e+00
3.910000000000000142e-01 0.000000000000000000e+00
3.920000000000000151e-01 0.000000000000000000e+00
3.930000000000000160e-01 0.000000000000000000e+00
3.940000000000000169e-01 0.000000000000000000e+00
3.950000000000000178e-01 0.000000000000000000e+00
3.960000000000000187e-01 0.000000000000000000e+00
3.970000000000000195e-01 0.000000000000000000e+00
3.980000000000000204e-01 0.000000000000000000e+00
3.990000000000000213e-01 0.000000000000000000e+00
3.997999999999999887e-01 0.000000000000000000e+00
3.998999999999999777e-01 0.000000000000000000e+00
4.000000000000000222e-01 0.000000000000000000e+00
4.010000000000000231e-01 0.000000000000000000e+00
4.020000000000000240e-01 0.000000000000000000e+00
4.030000000000000249e-01 0.000000000000000000e+00
4.040000000000000258e-01 0.000000000000000000e+00
4.050000000000000266e-01 0.000000000000000000e+00
4.060000000000000275e-01 0.000000000000000000e+00
4.069999999999999729e-01 0.000000000000000000e+00
4.079999999999999738e-01 0.000000000000000000e+00
4.089999999999999747e-01 0.000000000000000000e+00
4.099999999999999756e-01 0.000000000000000000e+00
4.109999999999999765e-01 0.000000000000000000e+00
4.119999999999999774e-01 0.000000000000000000e+00
4.129999999999999782e-01 0.000000000000000000e+00
4.139999999999999791e-01 0.000000000000000000e+00
4.149999999999999800e-01 0.000000000000000000e+00
4.159999999999999809e-01 0.000000000000000000e+00
4.169999999999999818e-01 0.000000000000000000e+00
4.179999999999999827e-01 0.000000000000000000e+00
4.189999999999999836e-01 0.000000000000000000e+00
4.199999999999999845e-01 0.000000000000000000e+00
4.209999999999999853e-01 0.000000000000000000e+00
4.219999999999999862e-01 0.000000000000000000e+00
4.229999999999999871e-01 0.000000000000000000e+00
4.239999999999999880e-01 0.000000000000000000e+00
4.249999999999999889e-01 0.000000000000000000e+00
4.259999999999999898e-01 0.000000000000000000e+00
4.269999999999999907e-01 0.000000000000000000e+00
4.279999999999999916e-01 0.000000000000000000e+00
4.289999999999999925e-01 0.000000000000000000e+00
4.299999999999999933e-01 0.000000000000000000e+00
4.309999999999999942e-01 0.000000000000000000e+00
4.319999999999999951e-01 0.000000000000000000e+00
4.329999999999999960e-01 0.000000000000000000e+00
4.339999999999999969e-01 0.000000000000000000e+00
4.349999999999999978e-01 0.000000000000000000e+00
4.359999999999999987e-01 0.000000000000000000e+00
4.369999999999999996e-01 0.000000000000000000e+00
4.380000000000000004e-01 0.000000000000000000e+00
4.390000000000000013e-01 0.000000000000000000e+00
4.400000000000000022e-01 0.000000000000000000e+00
4.410000000000000031e-01 0.000000000000000000e+00
4.420000000000000040e-01 0.000000000000000000e+00
4.430000000000000049e-01 0.000000000000000000e+00
4.440000000000000058e-01 0.000000000000000000e+00
4.450000000000000067e-01 0.000000000000000000e+00
4.460000000000000075e-01 0.000000000000000000e+00
4.470000000000000084e-01 0.000000000000000000e+00
4.480000000000000093e-01 0.000000000000000000e+00
4.490000000000000102e-01 0.000000000000000000e+00
4.500000000000000111e-01 0.000000000000000000e+00
4.510000000000000120e-01 0.000000000000000000e+00
4.520000000000000129e-01 0.000000000000000000e+00
4.530000000000000138e-01 0.000000000000000000e+00
4.540000000000000147e-01 0.000000000000000000e+00
4.550000000000000155e-01 0.000000000000000000e+00
4.560000000000000164e-01 0.000000000000000000e+00
4.570000000000000173e-01 0.000000000000000000e+00
4.580000000000000182e-01 0.000000000000000000e+00
4.590000000000000191e-01 0.000000000000000000e+00
4.600000000000000200e-01 0.000000000000000000e+00
4.610000000000000209e-01 0.000000000000000000e+00
4.620000000000000218e-01 0.000000000000000000e+00
4.630000000000000226e-01 0.000000000000000000e+00
4.640000000000000235e-01 0.000000000000000000e+00
4.650000000000000244e-01 0.000000000000000000e+00
4.660000000000000253e-01 0.000000000000000000e+00
4.670000000000000262e-01 0.000000000000000000e+00
4.680000000000000271e-01 0.000000000000000000e+00
4.689999999999999725e-01 0.000000000000000000e+00
4.699999999999999734e-01 0.000000000000000000e+00
4.709999999999999742e-01 0.000000000000000000e+00
4.719999999999999751e-01 0.000000000000000000e+00
4.729999999999999760e-01 0.000000000000000000e+00
4.739999999999999769e-01 0.000000000000000000e+00
4.749999999999999778e-01 0.000000000000000000e+00
4.759999999999999787e-01 0.000000000000000000e+00
4.769999999999999796e-01 0.000000000000000000e+00
4.779999999999999805e-01 0.000000000000000000e+00
4.789999999999999813e-01 0.000000000000000000e+00
4.799999999999999822e-01 0.000000000000000000e+00
4.809999999999999831e-01 0.000000000000000000e+00
4.819999999999999840e-01 0.000000000000000000e+00
4.829999999999999849e-01 0.000000000000000000e+00
4.839999999999999858e-01 0.000000000000000000e+00
4.849999999999999867e-01 0.000000000000000000e+00
4.859999999999999876e-01 0.000000000000000000e+00
4.869999999999999885e-01 0.000000000000000000e+00
4.879999999999999893e-01 0.000000000000000000e+00
4.889999999999999902e-01 0.000000000000000000e+00
4.899999999999999911e-01 0.000000000000000000e+00
4.909999999999999920e-01 0.000000000000000000e+00
4.919999999999999929e-01 0.000000000000000000e+00
4.929999999999999938e-01 0.000000000000000000e+00
4.939999999999999947e-01 0.000000000000000000e+00
4.949999999999999956e-01 0.000000000000000000e+00
4.959999999999999964e-01 0.000000000000000000e+00
4.969999999999999973e-01 0.000000000000000000e+00
4.979999999999999982e-01 0.000000000000000000e+00
4.989999999999999991e-01 0.000000000000000000e+00
5.000000000000000000e-01 0.000000000000000000e+00
5.010000000000000009e-01 0.000000000000000000e+00
5.020000000000000018e-01 0.000000000000000000e+00
5.030000000000000027e-01 0.000000000000000000e+00
5.040000000000000036e-01 0.000000000000000000e+00
5.050000000000000044e-01 0.000000000000000000e+00
5.060000000000000053e-01 0.000000000000000000e+00
5.070000000000000062e-01 0.000000000000000000e+00
5.080000000000000071e-01 0.000000000000000000e+00
5.090000000000000080e-01 0.000000000000000000e+00
5.100000000000000089e-01 0.000000000000000000e+00
5.110000000000000098e-01 0.000000000000000000e+00
5.120000000000000107e-01 0.000000000000000000e+00
5.130000000000000115e-01 0.000000000000000000e+00
5.140000000000000124e-01 0.000000000000000000e+00
5.150000000000000133e-01 0.000000000000000000e+00
5.160000000000000142e-01 0.000000000000000000e+00
5.170000000000000151e-01 0.000000000000000000e+00
5.180000000000000160e-01 0.000000000000000000e+00
5.190000000000000169e-01 0.000000000000000000e+00
5.200000000000000178e-01 0.000000000000000000e+00
5.210000000000000187e-01 0.000000000000000000e+00
5.220000000000000195e-01 0.000000000000000000e+00
5.230000000000000204e-01 0.000000000000000000e+00
5.240000000000000213e-01 0.000000000000000000e+00
5.250000000000000222e-01 0.000000000000000000e+00
5.260000000000000231e-01 0.000000000000000000e+00
5.270000000000000240e-01 0.000000000000000000e+00
5.280000000000000249e-01 0.000000000000000000e+00
5.290000000000000258e-01 0.000000000000000000e+00
5.300000000000000266e-01 0.000000000000000000e+00
5.310000000000000275e-01 0.000000000000000000e+00
5.320000000000000284e-01 0.000000000000000000e+00
5.330000000000000293e-01 0.000000000000000000e+00
5.340000000000000302e-01 0.000000000000000000e+00
5.350000000000000311e-01 0.000000000000000000e+00
5.360000000000000320e-01 0.000000000000000000e+00
5.370000000000000329e-01 0.000000000000000000e+00
5.380000000000000338e-01 0.000000000000000000e+00
5.390000000000000346e-01 0.000000000000000000e+00
5.400000000000000355e-01 0.000000000000000000e+00
5.410000000000000364e-01 0.000000000000000000e+00
5.420000000000000373e-01 0.000000000000000000e+00
5.430000000000000382e-01 0.000000000000000000e+00
5.440000000000000391e-01 0.000000000000000000e+00
5.450000000000000400e-01 0.000000000000000000e+00
5.460000000000000409e-01 0.000000000000000000e+00
5.470000000000000417e-01 0.000000000000000000e+00
5.480000000000000426e-01 0.000000000000000000e+00
5.490000000000000435e-01 0.000000000000000000e+00
5.500000000000000444e-01 0.000000000000000000e+00
5.510000000000000453e-01 0.000000000000000000e+00
5.520000000000000462e-01 0.000000000000000000e+00
5.530000000000000471e-01 0.000000000000000000e+00
5.540000000000000480e-01 0.000000000000000000e+00
5.550000000000000488e-01 0.000000000000000000e+00
5.560000000000000497e-01 0.000000000000000000e+00
5.570000000000000506e-01 0.000000000000000000e+00
5.580000000000000515e-01 0.000000000000000000e+00
5.590000000000000524e-01 0.000000000000000000e+00
5.600000000000000533e-01 0.000000000000000000e+00
5.610000000000000542e-01 0.000000000000000000e+00
5.620000000000000551e-01 0.000000000000000000e+00
5.629999999999999449e-01 0.000000000000000000e+00
5.639999999999999458e-01 0.000000000000000000e+00
5.649999999999999467e-01 0.000000000000000000e+00
5.659999999999999476e-01 0.000000000000000000e+00
5.669999999999999485e-01 0.000000000000000000e+00
5.679999999999999494e-01 0.000000000000000000e+00
5.689999999999999503e-01 0.000000000000000000e+00
5.699999999999999512e-01 0.000000000000000000e+00
5.709999999999999520e-01 0.000000000000000000e+00
5.719999999999999529e-01 0.000000000000000000e+00
5.729999999999999538e-01 0.000000000000000000e+00
5.739999999999999547e-01 0.000000000000000000e+00
5.749999999999999556e-01 0.000000000000000000e+00
5.759999999999999565e-01 0.000000000000000000e+00
5.769999999999999574e-01 0.000000000000000000e+00
5.779999999999999583e-01 0.000000000000000000e+00
5.789999999999999591e-01 0.000000000000000000e+00
5.799999999999999600e-01 0.000000000000000000e+00
5.809999999999999609e-01 0.000000000000000000e+00
5.819999999999999618e-01 0.000000000000000000e+00
5.829999999999999627e-01 0.000000000000000000e+00
5.839999999999999636e-01 0.000000000000000000e+00
5.849999999999999645e-01 0.000000000000000000e+00
5.859999999999999654e-01 0.000000000000000000e+00
5.869999999999999662e-01 0.000000000000000000e+00
5.879999999999999671e-01 0.000000000000000000e+00
5.889999999999999680e-01 0.000000000000000000e+00
5.899999999999999689e-01 0.000000000000000000e+00
5.909999999999999698e-01 0.000000000000000000e+00
5.919999999999999707e-01 0.000000000000000000e+00
5.929999999999999716e-01 0.000000000000000000e+00
5.939999999999999725e-01 0.000000000000000000e+00
5.949999999999999734e-01 0.000000000000000000e+00
5.959999999999999742e-01 0.000000000000000000e+00
5.969999999999999751e-01 0.000000000000000000e+00
5.979999999999999760e-01 0.000000000000000000e+00
5.989999999999999769e-01 0.000000000000000000e+00
5.999999999999999778e-01 0.000000000000000000e+00
6.009999999999999787e-01 0.000000000000000000e+00
6.019999999999999796e-01 0.000000000000000000e+00
6.029999999999999805e-01 0.000000000000000000e+00
6.039999999999999813e-01 0.000000000000000000e+00
6.049999999999999822e-01 0.000000000000000000e+00
6.059999999999999831e-01 0.000000000000000000e+00
6.069999999999999840e-01 0.000000000000000000e+00
6.079999999999999849e-01 0.000000000000000000e+00
6.089999999999999858e-01 0.000000000000000000e+00
6.099999999999999867e-01 0.000000000000000000e+00
6.109999999999999876e-01 0.000000000000000000e+00
6.119999999999999885e-01 0.000000000000000000e+00
6.129999999999999893e-01 0.000000000000000000e+00
6.139999999999999902e-01 0.000000000000000000e+00
6.149999999999999911e-01 0.000000000000000000e+00
6.159999999999999920e-01 0.000000000000000000e+00
6.169999999999999929e-01 0.000000000000000000e+00
6.179999999999999938e-01 0.000000000000000000e+00
6.189999999999999947e-01 0.000000000000000000e+00
6.199999999999999956e-01 0.000000000000000000e+00
6.209999999999999964e-01 0.000000000000000000e+00
6.219999999999999973e-01 0.000000000000000000e+00
6.229999999999999982e-01 0.000000000000000000e+00
6.239999999999999991e-01 0.000000000000000000e+00
6.250000000000000000e-01 0.000000000000000000e+00
6.260000000000000009e-01 0.000000000000000000e+00
6.270000000000000018e-01 0.000000000000000000e+00
6.280000000000000027e-01 0.000000000000000000e+00
6.290000000000000036e-01 0.000000000000000000e+00
6.300000000000000044e-01 0.000000000000000000e+00
6.310000000000000053e-01 0.000000000000000000e+00
6.320000000000000062e-01 0.000000000000000000e+00
6.330000000000000071e-01 0.000000000000000000e+00
6.340000000000000080e-01 0.000000000000000000e+00
6.350000000000000089e-01 0.000000000000000000e+00
6.360000000000000098e-01 0.000000000000000000e+00
6.370000000000000107e-01 0.000000000000000000e+00
6.380000000000000115e-01 0.000000000000000000e+00
6.390000000000000124e-01 0.000000000000000000e+00
6.400000000000000133e-01 0.000000000000000000e+00
6.410000000000000142e-01 0.000000000000000000e+00
6.420000000000000151e-01 0.000000000000000000e+00
6.430000000000000160e-01 0.000000000000000000e+00
6.440000000000000169e-01 0.000000000000000000e+00
6.450000000000000178e-01 0.000000000000000000e+00
6.460000000000000187e-01 0.000000000000000000e+00
6.470000000000000195e-01 0.000000000000000000e+00
6.480000000000000204e-01 0.000000000000000000e+00
6.490000000000000213e-01 0.000000000000000000e+00
6.500000000000000222e-01 0.000000000000000000e+00
6.510000000000000231e-01 0.000000000000000000e+00
6.520000000000000240e-01 0.000000000000000000e+00
6.530000000000000249e-01 0.000000000000000000e+00
6.540000000000000258e-01 0.000000000000000000e+00
6.550000000000000266e-01 0.000000000000000000e+00
6.560000000000000275e-01 0.000000000000000000e+00
6.570000000000000284e-01 0.000000000000000000e+00
6.580000000000000293e-01 0.000000000000000000e+00
6.590000000000000302e-01 0.000000000000000000e+00
6.600000000000000311e-01 0.000000000000000000e+00
6.610000000000000320e-01 0.000000000000000000e+00
6.620000000000000329e-01 0.000000000000000000e+00
6.630000000000000338e-01 0.000000000000000000e+00
6.640000000000000346e-01 0.000000000000000000e+00
6.650000000000000355e-01 0.000000000000000000e+00
6.660000000000000364e-01 0.000000000000000000e+00
6.670000000000000373e-01 0.000000000000000000e+00
6.680000000000000382e-01 0.000000000000000000e+00
6.690000000000000391e-01 0.000000000000000000e+00
6.700000000000000400e-01 0.000000000000000000e+00
6.710000000000000409e-01 0.000000000000000000e+00
6.720000000000000417e-01 0.000000000000000000e+00
6.730000000000000426e-01 0.000000000000000000e+00
6.740000000000000435e-01 0.000000000000000000e+00
6.750000000000000444e-01 0.000000000000000000e+00
6.760000000000000453e-01 0.000000000000000000e+00
6.770000000000000462e-01 0.000000000000000000e+00
6.780000000000000471e-01 0.000000000000000000e+00
6.790000000000000480e-01 0.000000000000000000e+00
6.800000000000000488e-01 0.000000000000000000e+00
6.810000000000000497e-01 0.000000000000000000e+00
6.820000000000000506e-01 0.000000000000000000e+00
6.830000000000000515e-01 0.000000000000000000e+00
6.840000000000000524e-01 0.000000000000000000e+00
6.850000000000000533e-01 0.000000000000000000e+00
6.860000000000000542e-01 0.000000000000000000e+00
6.870000000000000551e-01 0.000000000000000000e+00
6.879999999999999449e-01 0.000000000000000000e+00
6.889999999999999458e-01 0.000000000000000000e+00
6.899999999999999467e-01 0.000000000000000000e+00
6.909999999999999476e-01 0.000000000000000000e+00
6.919999999999999485e-01 0.000000000000000000e+00
6.929999999999999494e-01 0.000000000000000000e+00
6.939999999999999503e-01 0.000000000000000000e+00
6.949999999999999512e-01 0.000000000000000000e+00
6.959999999999999520e-01 0.000000000000000000e+00
6.969999999999999529e-01 0.000000000000000000e+00
6.979999999999999538e-01 0.000000000000000000e+00
6.989999999999999547e-01 0.000000000000000000e+00
6.999999999999999556e-01 0.000000000000000000e+00
7.009999999999999565e-01 0.000000000000000000e+00
7.019999999999999574e-01 0.000000000000000000e+00
7.029999999999999583e-01 0.000000000000000000e+00
7.039999999999999591e-01 0.000000000000000000e+00
7.049999999999999600e-01 0.000000000000000000e+00
7.059999999999999609e-01 0.000000000000000000e+00
7.069999999999999618e-01 0.000000000000000000e+00
7.079999999999999627e-01 0.000000000000000000e+00
7.089999999999999636e-01 0.000000000000000000e+00
7.099999999999999645e-01 0.000000000000000000e+00
7.109999999999999654e-01 0.000000000000000000e+00
7.119999999999999662e-01 0.000000000000000000e+00
7.129999999999999671e-01 0.000000000000000000e+00
7.139999999999999680e-01 0.000000000000000000e+00
7.149999999999999689e-01 0.000000000000000000e+00
7.159999999999999698e-01 0.000000000000000000e+00
7.169999999999999707e-01 0.000000000000000000e+00
7.179999999999999716e-01 0.000000000000000000e+00
7.189999999999999725e-01 0.000000000000000000e+00
7.199999999999999734e-01 0.000000000000000000e+00
7.209999999999999742e-01 0.000000000000000000e+00
7.219999999999999751e-01 0.000000000000000000e+00
7.229999999999999760e-01 0.000000000000000000e+00
7.239999999999999769e-01 0.000000000000000000e+00
7.249999999999999778e-01 0.000000000000000000e+00
7.259999999999999787e-01 0.000000000000000000e+00
7.269999999999999796e-01 0.000000000000000000e+00
7.279999999999999805e-01 0.000000000000000000e+00
7.289999999999999813e-01 0.000000000000000000e+00
7.299999999999999822e-01 0.000000000000000000e+00
7.300011230468750334e-01 0.000000000000000000e+00
7.301011230468750224e-01 0.000000000000000000e+00
7.302011230468750114e-01 0.000000000000000000e+00
7.309999999999999831e-01 0.000000000000000000e+00
7.319999999999999840e-01 0.000000000000000000e+00
7.329999999999999849e-01 0.000000000000000000e+00
7.339999999999999858e-01 0.000000000000000000e+00
7.349999999999999867e-01 0.000000000000000000e+00
7.359999999999999876e-01 0.000000000000000000e+00
7.369999999999999885e-01 0.000000000000000000e+00
7.379999999999999893e-01 0.000000000000000000e+00
7.389999999999999902e-01 0.000000000000000000e+00
7.399999999999999911e-01 0.000000000000000000e+00
7.402038085937500123e-01 0.000000000000000000e+00
7.409999999999999920e-01 0.000000000000000000e+00
7.419999999999999929e-01 0.000000000000000000e+00
7.429999999999999938e-01 0.000000000000000000e+00
7.439999999999999947e-01 0.000000000000000000e+00
7.449999999999999956e-01 0.000000000000000000e+00
7.452051757812500066e-01 0.000000000000000000e+00
7.459999999999999964e-01 0.000000000000000000e+00
7.469999999999999973e-01 0.000000000000000000e+00
7.479999999999999982e-01 0.000000000000000000e+00
7.489999999999999991e-01 0.000000000000000000e+00
7.500000000000000000e-01 0.000000000000000000e+00
7.502065429687500009e-01 0.000000000000000000e+00
7.510000000000000009e-01 0.000000000000000000e+00
7.520000000000000018e-01 0.000000000000000000e+00
7.530000000000000027e-01 0.000000000000000000e+00
7.540000000000000036e-01 0.000000000000000000e+00
7.550000000000000044e-01 0.000000000000000000e+00
7.552078613281250075e-01 0.000000000000000000e+00
7.560000000000000053e-01 0.000000000000000000e+00
7.570000000000000062e-01 0.000000000000000000e+00
7.580000000000000071e-01 0.000000000000000000e+00
7.590000000000000080e-01 0.000000000000000000e+00
7.600000000000000089e-01 0.000000000000000000e+00
7.602092285156250018e-01 0.000000000000000000e+00
7.610000000000000098e-01 0.000000000000000000e+00
7.620000000000000107e-01 0.000000000000000000e+00
7.630000000000000115e-01 0.000000000000000000e+00
7.640000000000000124e-01 0.000000000000000000e+00
7.650000000000000133e-01 0.000000000000000000e+00
7.652105957031249961e-01 0.000000000000000000e+00
7.660000000000000142e-01 0.000000000000000000e+00
7.670000000000000151e-01 0.000000000000000000e+00
7.680000000000000160e-01 0.000000000000000000e+00
7.690000000000000169e-01 0.000000000000000000e+00
7.700000000000000178e-01 0.000000000000000000e+00
7.702119140625000027e-01 0.000000000000000000e+00
7.710000000000000187e-01 0.000000000000000000e+00
7.720000000000000195e-01 0.000000000000000000e+00
7.730000000000000204e-01 0.000000000000000000e+00
7.740000000000000213e-01 0.000000000000000000e+00
7.750000000000000222e-01 0.000000000000000000e+00
7.752132812499999970e-01 0.000000000000000000e+00
7.760000000000000231e-01 0.000000000000000000e+00
7.770000000000000240e-01 0.000000000000000000e+00
7.780000000000000249e-01 0.000000000000000000e+00
7.790000000000000258e-01 0.000000000000000000e+00
7.800000000000000266e-01 0.000000000000000000e+00
7.802145996093750036e-01 0.000000000000000000e+00
7.810000000000000275e-01 0.000000000000000000e+00
7.820000000000000284e-01 0.000000000000000000e+00
7.830000000000000293e-01 0.000000000000000000e+00
7.840000000000000302e-01 0.000000000000000000e+00
7.850000000000000311e-01 0.000000000000000000e+00
7.852159667968749979e-01 0.000000000000000000e+00
7.860000000000000320e-01 0.000000000000000000e+00
7.870000000000000329e-01 0.000000000000000000e+00
7.880000000000000338e-01 0.000000000000000000e+00
7.890000000000000346e-01 0.000000000000000000e+00
7.900000000000000355e-01 0.000000000000000000e+00
7.902173339843749922e-01 0.000000000000000000e+00
7.910000000000000364e-01 0.000000000000000000e+00
7.920000000000000373e-01 0.000000000000000000e+00
7.930000000000000382e-01 0.000000000000000000e+00
7.940000000000000391e-01 0.000000000000000000e+00
7.950000000000000400e-01 0.000000000000000000e+00
7.952186523437499988e-01 0.000000000000000000e+00
7.960000000000000409e-01 0.000000000000000000e+00
7.970000000000000417e-01 0.000000000000000000e+00
7.980000000000000426e-01 0.000000000000000000e+00
7.990000000000000435e-01 0.000000000000000000e+00
7.997999999999999554e-01 0.000000000000000000e+00
7.999000000000000554e-01 0.000000000000000000e+00
8.000000000000000444e-01 3.537374160888085410e-05
8.002200195312499931e-01 3.126708327253454928e-05
8.010000000000000453e-01 3.619044654877335871e-05
8.020000000000000462e-01 4.253050064992187738e-05
8.030000000000000471e-01 4.890079478710656025e-05
8.040000000000000480e-01 5.529292319742278359e-05
8.050000000000000488e-01 6.171254799595606185e-05
8.052213867187499874e-01 6.313743884047424266e-05
8.060000000000000497e-01 6.323651948827751135e-05
8.070000000000000506e-01 6.336395479893353012e-05
8.080000000000000515e-01 6.349170835388840957e-05
8.090000000000000524e-01 6.361978098447671685e-05
8.100000000000000533e-01 6.374794977709439972e-05
8.102227539062499817e-01 6.377655109606919059e-05
8.110000000000000542e-01 5.891954376903959161e-05
8.120000000000000551e-01 5.264667626895278094e-05
8.129999999999999449e-01 4.634707247819388581e-05
8.139999999999999458e-01 4.002056334440364356e-05
8.149999999999999467e-01 3.366701921130979048e-05
8.152240722656249883e-01 3.223967538455181349e-05
8.159999999999999476e-01 3.229299731260063552e-05
8.169999999999999485e-01 3.236182210680955962e-05
8.179999999999999494e-01 3.243071428631117591e-05
8.189999999999999503e-01 3.256319779115096364e-05
8.199999999999999512e-01 3.269606819748287142e-05
8.202253906249999948e-01 3.272459498530666994e-05
8.209999999999999520e-01 3.281971736763565693e-05
8.219999999999999529e-01 3.294284930422307719e-05
8.229999999999999538e-01 3.306630483371124992e-05
8.239999999999999547e-01 3.316652479306898029e-05
8.249999999999999556e-01 3.326693617490849203e-05
8.252267578124999892e-01 3.328972506340971567e-05
8.259999999999999565e-01 3.337214127602561217e-05
8.269999999999999574e-01 3.347883097520117264e-05
8.279999999999999583e-01 3.358576281964491847e-05
8.289999999999999591e-01 3.369286312681978816e-05
8.299999999999999600e-01 3.380009099898776569e-05
8.302281249999999835e-01 3.382459090445295906e-05
8.309999999999999609e-01 3.390548124027021004e-05
8.319999999999999618e-01 3.401041624140791289e-05
8.329999999999999627e-01 3.411545649638619143e-05
8.339999999999999636e-01 3.422072325847868234e-05
8.349999999999999645e-01 3.432608687782169187e-05
8.359999999999999654e-01 3.443167727338151149e-05
8.369999999999999662e-01 3.446432752626175499e-05
8.379999999999999671e-01 3.449690929972030746e-05
8.389999999999999680e-01 3.452954227880752539e-05
8.399999999999999689e-01 3.456216387109468469e-05
8.409999999999999698e-01 3.458801092887157881e-05
8.419999999999999707e-01 3.461380150014202163e-05
8.429999999999999716e-01 3.463965603781882783e-05
8.439999999999999725e-01 3.466551430984434075e-05
8.449999999999999734e-01 3.469137103893559594e-05
8.459999999999999742e-01 3.471729427452473757e-05
8.469999999999999751e-01 3.474322408973401515e-05
8.479999999999999760e-01 3.476926512219118766e-05
8.489999999999999769e-01 3.479576364970134368e-05
8.499999999999999778e-01 3.482316123714628985e-05
8.509999999999999787e-01 3.487252898202161178e-05
8.519999999999999796e-01 3.492277012149512798e-05
8.529999999999999805e-01 3.497337911787704414e-05
8.539999999999999813e-01 3.502413073972806678e-05
8.549999999999999822e-01 3.503518009587359072e-05
8.559999999999999831e-01 3.504617718408469505e-05
8.569999999999999840e-01 3.505701900203074989e-05
8.579999999999999849e-01 3.506781340089819906e-05
8.589999999999999858e-01 3.507850184532287826e-05
8.599999999999999867e-01 3.508902658672296497e-05
8.609999999999999876e-01 3.509385277599390155e-05
8.619999999999999885e-01 3.509856264121831936e-05
8.629999999999999893e-01 3.510316660797199923e-05
8.639999999999999902e-01 3.516174347338980416e-05
8.649999999999999911e-01 3.522023292440809870e-05
8.659999999999999920e-01 3.527856801896488181e-05
8.669999999999999929e-01 3.533685930598732329e-05
8.679999999999999938e-01 3.539505871034692318e-05
8.689999999999999947e-01 3.545315449510087004e-05
8.699999999999999956e-01 3.551116774339588050e-05
8.709999999999999964e-01 3.556901503254723980e-05
8.719999999999999973e-01 3.562682330816138628e-05
8.729999999999999982e-01 3.585271252023613278e-05
8.739999999999999991e-01 3.607952132881939953e-05
8.750000000000000000e-01 3.630725489493443376e-05
8.760000000000000009e-01 3.653590706119242765e-05
8.770000000000000018e-01 3.676542512425519371e-05
8.780000000000000027e-01 3.699593168869797367e-05
8.790000000000000036e-01 3.722736898787595383e-05
8.800000000000000044e-01 3.745973103555003510e-05
8.810000000000000053e-01 3.764054995543129808e-05
8.820000000000000062e-01 3.782174013130180283e-05
8.830000000000000071e-01 3.800343753008504698e-05
8.840000000000000080e-01 3.824996109524632875e-05
8.850000000000000089e-01 3.849750945532470200e-05
8.860000000000000098e-01 3.874609691935358317e-05
8.870000000000000107e-01 3.899571699607600454e-05
8.880000000000000115e-01 3.924631954666231388e-05
8.890000000000000124e-01 3.949802333544557567e-05
8.900000000000000133e-01 3.975076686210547093e-05
8.910000000000000142e-01 3.984747879363912841e-05
8.920000000000000151e-01 3.994421250072690372e-05
8.930000000000000160e-01 4.007407277182696521e-05
8.940000000000000169e-01 4.017097208413714690e-05
8.950000000000000178e-01 4.026782837418513674e-05
8.960000000000000187e-01 4.039819588846578263e-05
8.970000000000000195e-01 4.049546452631146409e-05
8.980000000000000204e-01 4.062676935946585191e-05
8.990000000000000213e-01 4.072502598244233347e-05
9.000000000000000222e-01 4.082350182138338941e-05
9.010000000000000231e-01 4.086112986253509369e-05
9.020000000000000240e-01 4.086559710904131838e-05
9.030000000000000249e-01 4.090456959882189186e-05
9.040000000000000258e-01 4.094477084432659498e-05
9.050000000000000266e-01 4.098560125547883051e-05
9.060000000000000275e-01 4.106107991752767239e-05
9.070000000000000284e-01 4.110305883570187038e-05
9.080000000000000293e-01 4.117985656913338536e-05
9.090000000000000302e-01 4.122290766681605624e-05
9.100000000000000311e-01 4.126652982495918195e-05
9.110000000000000320e-01 4.134498509563223255e-05
9.120000000000000329e-01 4.138961545732402711e-05
9.130000000000000338e-01 4.146921400805298375e-05
9.140000000000000346e-01 4.151473608679452686e-05
9.150000000000000355e-01 4.159541353366637327e-05
9.160000000000000364e-01 4.164182580483077076e-05
9.170000000000000373e-01 4.172347176277515314e-05
9.180000000000000382e-01 4.177070225818285416e-05
9.190000000000000391e-01 4.185324209027814295e-05
9.200000000000000400e-01 4.190123170396802135e-05
9.210000000000000409e-01 4.195619496226493585e-05
9.220000000000000417e-01 4.197638258345252074e-05
9.230000000000000426e-01 4.203206745167730710e-05
9.240000000000000435e-01 4.208970133686215095e-05
9.250000000000000444e-01 4.218294643365566615e-05
9.260000000000000453e-01 4.224115889458373348e-05
9.270000000000000462e-01 4.233508125587954129e-05
9.280000000000000471e-01 4.239374929127899880e-05
9.290000000000000480e-01 4.248827486209294909e-05
9.300000000000000488e-01 4.254739943941823228e-05
9.310000000000000497e-01 4.264248521750340655e-05
9.320000000000000506e-01 4.270199439637889564e-05
9.330000000000000515e-01 4.279755546653500890e-05
9.340000000000000524e-01 4.285732149223308321e-05
9.350000000000000533e-01 4.295331011854476301e-05
9.360000000000000542e-01 4.301327868273616551e-05
9.370000000000000551e-01 4.310969019754296152e-05
9.379999999999999449e-01 4.316978389688406315e-05
9.389999999999999458e-01 4.326641596173942022e-05
9.399999999999999467e-01 4.336327914174981980e-05
9.409999999999999476e-01 4.338287810901959212e-05
9.419999999999999485e-01 4.343903645938949171e-05
9.429999999999999494e-01 4.345855373154492010e-05
9.439999999999999503e-01 4.353892304292783348e-05
9.449999999999999512e-01 4.358251364362488367e-05
9.459999999999999520e-01 4.366286670233623197e-05
9.469999999999999529e-01 4.374321716934358856e-05
9.479999999999999538e-01 4.378658596992520097e-05
9.489999999999999547e-01 4.386685908298511847e-05
9.499999999999999556e-01 4.394711889994493451e-05
9.509999999999999565e-01 4.398320577701174519e-05
9.519999999999999574e-01 4.405632092179001693e-05
9.529999999999999583e-01 4.409203437689807433e-05
9.539999999999999591e-01 4.416489906669605718e-05
9.549999999999999600e-01 4.423760193316368986e-05
9.559999999999999609e-01 4.427259745724937651e-05
9.569999999999999618e-01 4.434492307357122096e-05
9.579999999999999627e-01 4.441702144474121776e-05
9.589999999999999636e-01 4.445121899035345096e-05
9.599999999999999645e-01 4.452281231976825922e-05
9.609999999999999654e-01 4.457788007280785286e-05
9.619999999999999662e-01 4.459473089056500332e-05
9.629999999999999671e-01 4.464910561387417856e-05
9.639999999999999680e-01 4.472107435177614742e-05
9.649999999999999689e-01 4.475456714752851087e-05
9.659999999999999698e-01 4.482583361172757120e-05
9.669999999999999707e-01 4.489668630272695461e-05
9.679999999999999716e-01 4.492894598933855409e-05
9.689999999999999725e-01 4.499896876206051265e-05
9.699999999999999734e-01 4.506863542327380870e-05
9.709999999999999742e-01 4.509947078852485322e-05
9.719999999999999751e-01 4.516824322009360676e-05
9.729999999999999760e-01 4.523652081514175125e-05
9.739999999999999769e-01 4.526580040973899775e-05
9.749999999999999778e-01 4.533305516057179011e-05
9.759999999999999787e-01 4.539983019166210975e-05
9.769999999999999796e-01 4.546611403138575545e-05
9.779999999999999805e-01 4.549303351592769016e-05
9.789999999999999813e-01 4.555815892694122784e-05
9.799999999999999822e-01 4.562272436889541012e-05
9.809999999999999831e-01 4.566290587316157570e-05
9.819999999999999840e-01 4.566343767302701137e-05
9.829999999999999849e-01 4.570227648986137158e-05
9.839999999999999858e-01 4.576393496096293464e-05
9.849999999999999867e-01 4.582496414001737599e-05
9.859999999999999876e-01 4.584606958684822738e-05
9.869999999999999885e-01 4.590568459623954215e-05
9.879999999999999893e-01 4.596455218650241030e-05
9.889999999999999902e-01 4.602267385710431314e-05
9.899999999999999911e-01 4.604065629585797056e-05
9.909999999999999920e-01 4.609729053881602405e-05
9.919999999999999929e-01 4.615310542581291275e-05
9.929999999999999938e-01 4.620809887801759897e-05
9.939999999999999947e-01 4.626227889085620835e-05
9.949999999999999956e-01 4.627608008591169999e-05
9.959999999999999964e-01 4.632850075152699618e-05
9.969999999999999973e-01 4.638010562575636440e-05
9.979999999999999982e-01 4.643088974371064134e-05
9.989999999999999991e-01 4.648072050562277726e-05
1.000000000000000000e+00 4.648976163755551603e-05
1.000999999999999890e+00 4.656396706516792292e-05
1.002000000000000002e+00 4.663746369035828696e-05
1.002999999999999892e+00 4.671025562688778583e-05
1.004000000000000004e+00 4.678239525103045950e-05
1.004999999999999893e+00 4.681366660464482242e-05
1.006000000000000005e+00 4.688437078692209457e-05
1.006999999999999895e+00 4.695441809411895513e-05
1.008000000000000007e+00 4.702381299729110480e-05
1.008999999999999897e+00 4.709254933993740596e-05
1.010000000000000009e+00 4.716068730014459518e-05
1.010999999999999899e+00 4.722816166794827747e-05
1.012000000000000011e+00 4.725446912387199709e-05
1.012999999999999901e+00 4.732068449538366032e-05
1.014000000000000012e+00 4.738629916386145901e-05
1.014999999999999902e+00 4.745130726018429286e-05
1.016000000000000014e+00 4.751584308616612837e-05
1.016999999999999904e+00 4.757976140301839289e-05
1.018000000000000016e+00 4.764307689187070980e-05
1.018999999999999906e+00 4.766502391910666371e-05
1.020000000000000018e+00 4.772726369858032496e-05
1.020999999999999908e+00 4.779221229656403514e-05
1.022000000000000020e+00 4.785675305246048792e-05
1.022999999999999909e+00 4.792075709500654188e-05
1.024000000000000021e+00 4.798427932976907936e-05
1.024999999999999911e+00 4.804731428174609069e-05
1.026000000000000023e+00 4.810994105611641770e-05
1.026999999999999913e+00 4.817208740119566154e-05
1.028000000000000025e+00 4.823380823546229200e-05
1.028999999999999915e+00 4.825362027073456221e-05
1.030000000000000027e+00 4.831445065611076164e-05
1.030999999999999917e+00 4.837491891972311845e-05
1.032000000000000028e+00 4.843496989639437650e-05
1.032999999999999918e+00 4.849459839251185178e-05
1.034000000000000030e+00 4.855386723245633983e-05
1.034999999999999920e+00 4.861284268502119739e-05
1.036000000000000032e+00 4.867144233523547890e-05
1.036999999999999922e+00 4.872969527481758493e-05
1.038000000000000034e+00 4.878757341145305721e-05
1.038999999999999924e+00 4.884522119943984542e-05
1.040000000000000036e+00 4.890250867036512043e-05
1.040999999999999925e+00 4.896131345986961376e-05
1.042000000000000037e+00 4.901988977108207577e-05
1.042999999999999927e+00 4.907816533195365341e-05
1.044000000000000039e+00 4.913621047858076377e-05
1.044999999999999929e+00 4.919403172153594448e-05
1.046000000000000041e+00 4.920919797484339686e-05
1.046999999999999931e+00 4.926650510753317083e-05
1.048000000000000043e+00 4.932363322180885885e-05
1.048999999999999932e+00 4.938054117618506693e-05
1.050000000000000044e+00 4.943726862316089342e-05
1.050999999999999934e+00 4.945382557418165863e-05
1.052000000000000046e+00 4.947024338831747443e-05
1.052999999999999936e+00 4.948646334543268724e-05
1.054000000000000048e+00 4.950255081985325162e-05
1.054999999999999938e+00 4.951842628154394087e-05
1.056000000000000050e+00 4.953417592183837989e-05
1.056999999999999940e+00 4.954985830004126539e-05
1.058000000000000052e+00 4.956533519541762313e-05
1.058999999999999941e+00 4.958074463940734169e-05
1.060000000000000053e+00 4.959608978723191393e-05
1.060999999999999943e+00 4.960773581338548345e-05
1.062000000000000055e+00 4.961931712365729059e-05
1.062999999999999945e+00 4.963083740695601096e-05
1.064000000000000057e+00 4.964235165662308851e-05
1.064999999999999947e+00 4.965379788270738034e-05
1.066000000000000059e+00 4.966524125747035417e-05
1.066999999999999948e+00 4.967669940372491407e-05
1.068000000000000060e+00 4.968814826685819842e-05
1.068999999999999950e+00 4.974236701136906227e-05
1.070000000000000062e+00 4.975390349772058457e-05
1.070999999999999952e+00 4.976543393305565491e-05
1.072000000000000064e+00 4.977703113465897311e-05
1.072999999999999954e+00 4.978870532505888871e-05
1.074000000000000066e+00 4.980044262346626478e-05
1.074999999999999956e+00 4.981224680653627127e-05
1.076000000000000068e+00 4.982419401738923408e-05
1.076999999999999957e+00 4.983627414867641836e-05
1.078000000000000069e+00 4.984842779076796636e-05
1.078999999999999959e+00 4.986078741197216656e-05
1.080000000000000071e+00 4.987327968170776735e-05
1.080999999999999961e+00 4.988826382875878081e-05
1.082000000000000073e+00 4.990346182682415144e-05
1.082999999999999963e+00 4.991885665517056608e-05
1.084000000000000075e+00 4.993439638496200371e-05
1.084999999999999964e+00 4.995021646344300335e-05
1.086000000000000076e+00 4.996624082404181561e-05
1.086999999999999966e+00 5.002552143922290543e-05
1.088000000000000078e+00 5.004211154672495433e-05
1.088999999999999968e+00 5.005890615291618527e-05
1.090000000000000080e+00 5.007605556661249527e-05
1.090999999999999970e+00 5.009341040895472149e-05
1.092000000000000082e+00 5.011110655857496069e-05
1.092999999999999972e+00 5.012915830190203722e-05
1.094000000000000083e+00 5.014755517332167501e-05
1.094999999999999973e+00 5.016629046084432835e-05
1.096000000000000085e+00 5.018530567034756222e-05
1.096999999999999975e+00 5.020474396160726026e-05
1.098000000000000087e+00 5.026774332772587420e-05
1.098999999999999977e+00 5.028802475051219711e-05
1.100000000000000089e+00 5.029840939759766934e-05
1.100999999999999979e+00 5.031493530844676729e-05
1.102000000000000091e+00 5.033146526769830020e-05
1.102999999999999980e+00 5.034799927604554758e-05
1.104000000000000092e+00 5.036453733418185674e-05
1.104999999999999982e+00 5.038107944280066983e-05
1.106000000000000094e+00 5.039762560259548321e-05
1.106999999999999984e+00 5.045745180852740741e-05
1.108000000000000096e+00 5.047402028308843266e-05
1.108999999999999986e+00 5.049059281438577550e-05
1.110000000000000098e+00 5.050716940311385385e-05
1.110999999999999988e+00 5.052375004996713988e-05
1.112000000000000099e+00 5.054033475564020060e-05
1.112999999999999989e+00 5.055692352082762336e-05
1.114000000000000101e+00 5.057351634622414457e-05
1.114999999999999991e+00 5.063350300691406281e-05
1.116000000000000103e+00 5.065011819299798239e-05
1.116999999999999993e+00 5.066673744485965930e-05
1.118000000000000105e+00 5.068336076319469055e-05
1.118999999999999995e+00 5.069998814869871380e-05
1.120000000000000107e+00 5.071661960206750902e-05
1.120999999999999996e+00 5.077937653083557996e-05
1.122000000000000108e+00 5.079868253222816790e-05
1.122999999999999998e+00 5.081799342628378567e-05
1.124000000000000110e+00 5.083730921359291686e-05
1.125000000000000000e+00 5.085662989474597055e-05
1.125308007812499955e+00 5.086258180138310731e-05
1.125999999999999890e+00 5.461217503482781652e-05
1.127000000000000002e+00 6.003419252032840255e-05
1.127999999999999892e+00 6.551635927287533965e-05
1.129000000000000004e+00 7.095123140952639372e-05
1.129999999999999893e+00 7.639021202305246790e-05
1.131000000000000005e+00 8.183330266640010851e-05
1.131999999999999895e+00 8.728050489276242298e-05
1.133000000000000007e+00 9.273182025557882239e-05
1.133999999999999897e+00 9.827123673393088794e-05
1.135000000000000009e+00 1.037354529629146491e-04
1.135999999999999899e+00 1.092037905123906185e-04
1.137000000000000011e+00 1.146762509381138190e-04
1.137999999999999901e+00 1.201528357960855774e-04
1.139000000000000012e+00 1.257409307640171823e-04
1.139999999999999902e+00 1.312304572707756630e-04
1.141000000000000014e+00 1.367340419308763150e-04
1.141999999999999904e+00 1.422425577417114830e-04
1.143000000000000016e+00 1.477560070161466422e-04
1.143999999999999906e+00 1.532743920676044394e-04
1.145000000000000018e+00 1.589333301847154433e-04
1.145999999999999908e+00 1.644663149298664670e-04
1.147000000000000020e+00 1.700042466167864751e-04
1.147999999999999909e+00 1.755471275631032739e-04
1.149000000000000021e+00 1.810949600870024375e-04
1.149999999999999911e+00 1.868069907140273631e-04
1.151000000000000023e+00 1.923592667469709938e-04
1.151999999999999913e+00 1.979159155858434206e-04
1.153000000000000025e+00 2.034769388409316882e-04
1.153999999999999915e+00 2.090423381227139320e-04
1.155000000000000027e+00 2.147950836248843263e-04
1.155999999999999917e+00 2.203739920656993102e-04
1.157000000000000028e+00 2.259572851007118021e-04
1.157999999999999918e+00 2.315449643425374147e-04
1.159000000000000030e+00 2.371370314039836918e-04
1.159999999999999920e+00 2.429402305638331098e-04
1.161000000000000032e+00 2.485473621955319799e-04
1.161999999999999922e+00 2.541589577140771937e-04
1.163000000000000034e+00 2.597750187590911353e-04
1.163999999999999924e+00 2.656214260850001379e-04
1.165000000000000036e+00 2.712512105579330908e-04
1.165999999999999925e+00 2.768854692820764581e-04
1.167000000000000037e+00 2.825242038991554070e-04
1.167999999999999927e+00 2.881674160510717757e-04
1.169000000000000039e+00 2.940649618336545743e-04
1.169999999999999929e+00 2.997219404750924151e-04
1.171000000000000041e+00 3.053834053899281693e-04
1.171999999999999931e+00 3.110493582221667561e-04
1.173000000000000043e+00 3.169888718417211942e-04
1.173999999999999932e+00 3.226686266157128440e-04
1.174321289062500107e+00 3.244944240762450273e-04
1.175000000000000044e+00 3.494285668032002298e-04
1.175999999999999934e+00 3.861908007619445598e-04
1.176321874999999961e+00 3.980299154391750329e-04
1.177000000000000046e+00 5.082539603294051501e-04
1.177999999999999936e+00 6.714754458192156820e-04
1.178322363281250063e+00 7.239808285823382027e-04
1.179000000000000048e+00 9.763958039452756048e-04
1.179999999999999938e+00 1.349139820951446430e-03
1.180323046874999893e+00 1.469552466672338848e-03
1.181000000000000050e+00 1.828844435314643316e-03
1.181999999999999940e+00 2.361829828266247874e-03
1.182323535156249994e+00 2.533827661302013364e-03
1.183000000000000052e+00 3.124662406598727182e-03
1.183999999999999941e+00 3.998464711574577224e-03
1.184324121093750071e+00 4.281781553968401662e-03
1.185000000000000053e+00 5.092974970379868585e-03
1.185999999999999943e+00 6.299045503532638840e-03
1.186324609374999950e+00 6.689282664198409334e-03
1.187000000000000055e+00 8.043259722835122139e-03
1.187999999999999945e+00 1.004887858435867150e-02
1.188325097656250051e+00 1.070112868791865852e-02
1.189000000000000057e+00 1.296305777263540536e-02
1.189999999999999947e+00 1.632984692268353577e-02
1.190325683593749906e+00 1.742316235793730031e-02
1.191000000000000059e+00 2.107101387395888051e-02
1.191999999999999948e+00 2.648310765423949817e-02
1.192326171875000007e+00 2.824899814256909975e-02
1.193000000000000060e+00 3.504508830873877268e-02
1.193999999999999950e+00 4.513533503893946142e-02
1.194326757812500084e+00 4.844694419633105431e-02
1.195000000000000062e+00 6.046744063522328794e-02
1.195999999999999952e+00 7.828897028074151276e-02
1.196327343749999939e+00 8.412477873203803858e-02
1.197000000000000064e+00 1.057357419743513993e-01
1.197999999999999954e+00 1.378777113256983433e-01
1.198327929687500015e+00 1.484628521441088145e-01
1.199000000000000066e+00 1.867480815789948623e-01
1.199999999999999956e+00 2.436137783826009262e-01
1.200328417968749894e+00 2.623065973593297628e-01
1.201000000000000068e+00 3.046787442333948603e-01
1.201999999999999957e+00 3.678124819834253656e-01
1.202328906249999996e+00 3.886961483845084442e-01
1.203000000000000069e+00 4.209457648366704552e-01
1.203999999999999959e+00 4.687036403438705201e-01
1.204329492187500072e+00 4.844475484518477315e-01
1.205000000000000071e+00 4.966592178900856580e-01
1.205999999999999961e+00 5.148834558116668347e-01
1.206329980468749952e+00 5.210452239344300907e-01
1.207000000000000073e+00 5.231517126139887397e-01
1.207999999999999963e+00 5.258576930923107851e-01
1.208330566406250028e+00 5.267526361043635141e-01
1.209000000000000075e+00 5.260502602616073942e-01
1.209999999999999964e+00 5.250002884999124264e-01
1.210331054687499908e+00 5.247989450473929951e-01
1.211000000000000076e+00 5.246055223314005644e-01
1.211999999999999966e+00 5.238734271359111183e-01
1.212331738281249960e+00 5.236304155620213896e-01
1.213000000000000078e+00 5.238189814940568123e-01
1.213999999999999968e+00 5.241012510007989622e-01
1.214332226562500061e+00 5.243417588805729945e-01
1.215000000000000080e+00 5.251648181723251874e-01
1.215999999999999970e+00 5.259562023807401454e-01
1.216332812499999916e+00 5.262196974220391121e-01
1.217000000000000082e+00 5.265516090623854062e-01
1.217999999999999972e+00 5.270493215230959150e-01
1.218333300781250017e+00 5.273631922071616573e-01
1.219000000000000083e+00 5.286708800953340281e-01
1.219999999999999973e+00 5.301894002958351670e-01
1.220333789062499896e+00 5.306802395842902254e-01
1.221000000000000085e+00 5.314277116416673552e-01
1.221999999999999975e+00 5.329981028294511480e-01
1.222334374999999973e+00 5.333738787232239487e-01
1.223000000000000087e+00 5.339611166614625093e-01
1.223999999999999977e+00 5.348437319770591447e-01
1.224334863281250074e+00 5.351393894128402273e-01
1.225000000000000089e+00 5.352617301707293107e-01
1.225999999999999979e+00 5.358956234820708708e-01
1.226335546874999904e+00 5.359574167641628639e-01
1.227000000000000091e+00 5.357756025712815395e-01
1.227999999999999980e+00 5.355017875158967211e-01
1.228336035156250006e+00 5.354097260583626783e-01
1.229000000000000092e+00 5.347625877321916521e-01
1.229999999999999982e+00 5.342356081112512589e-01
1.230336621093750082e+00 5.339069219832773827e-01
1.231000000000000094e+00 5.331515305966286755e-01
1.231999999999999984e+00 5.320122209889327491e-01
1.232337109374999962e+00 5.316279845575647700e-01
1.233000000000000096e+00 5.312838591325220738e-01
1.233999999999999986e+00 5.312096662982250805e-01
1.234337597656250063e+00 5.310340772315750302e-01
1.235000000000000098e+00 5.307790067163048464e-01
1.235999999999999988e+00 5.303936992079671953e-01
1.236338183593749918e+00 5.302633295500751576e-01
1.237000000000000099e+00 5.304378224754261462e-01
1.237999999999999989e+00 5.311464246842996229e-01
1.238338671875000019e+00 5.312358404263886058e-01
1.239000000000000101e+00 5.316792348380436906e-01
1.239999999999999991e+00 5.323499708893745241e-01
1.240339257812500096e+00 5.325992579937255389e-01
1.241000000000000103e+00 5.327982993888591423e-01
1.241999999999999993e+00 5.335461439904454206e-01
1.242339843749999950e+00 5.336486669668550897e-01
1.243000000000000105e+00 5.339375028943368351e-01
1.243999999999999995e+00 5.343752251605083936e-01
1.244340429687500027e+00 5.345242926049736942e-01
1.245000000000000107e+00 5.344546407828629775e-01
1.245999999999999996e+00 5.347959838722119441e-01
1.246340917968749906e+00 5.347598432785943823e-01
1.247000000000000108e+00 5.347796266559363687e-01
1.247999999999999998e+00 5.348095595961808169e-01
1.248341406250000007e+00 5.348197557979070815e-01
1.249000000000000110e+00 5.344804947737971101e-01
1.250000000000000000e+00 5.344113887754753378e-01
1.250341992187500084e+00 5.341936279791188458e-01
1.250999999999999890e+00 5.335770047433661123e-01
1.252000000000000002e+00 5.326395478618484169e-01
1.252342480468749963e+00 5.323183899868144664e-01
1.252999999999999892e+00 5.318811954283492183e-01
1.254000000000000004e+00 5.316597720327839172e-01
1.254343066406250040e+00 5.314313063273400362e-01
1.254999999999999893e+00 5.310654967722543418e-01
1.256000000000000005e+00 5.305084208013357561e-01
1.256343554687499919e+00 5.304690581269383420e-01
1.256999999999999895e+00 5.306988289202446696e-01
1.258000000000000007e+00 5.306060739845230856e-01
1.258344238281249972e+00 5.305741194939519456e-01
1.258999999999999897e+00 5.311773977305904726e-01
1.260000000000000009e+00 5.320975869512689638e-01
1.260344726562500073e+00 5.325601862580002788e-01
1.260999999999999899e+00 5.333861925672945814e-01
1.262000000000000011e+00 5.342028291722017430e-01
1.262345214843749952e+00 5.344847857121609591e-01
1.262999999999999901e+00 5.352709017363841415e-01
1.264000000000000012e+00 5.364717112798532694e-01
1.264345800781250029e+00 5.370417213002796064e-01
1.264999999999999902e+00 5.382824721119852107e-01
1.266000000000000014e+00 5.397319903445290112e-01
1.266346289062499908e+00 5.402340262792415526e-01
1.266999999999999904e+00 5.409844225425453068e-01
1.268000000000000016e+00 5.421325496775345476e-01
1.268346874999999985e+00 5.426875718489863054e-01
1.268999999999999906e+00 5.435718114715218929e-01
1.270000000000000018e+00 5.444740836491224201e-01
1.270347363281250086e+00 5.447875468999225923e-01
1.270999999999999908e+00 5.448921267055967244e-01
1.272000000000000020e+00 5.450523594931051541e-01
1.272348046874999916e+00 5.452659535370886212e-01
1.272999999999999909e+00 5.455764364713309167e-01
1.274000000000000021e+00 5.455991618100064500e-01
1.274348535156250017e+00 5.456070705348492478e-01
1.274999999999999911e+00 5.449582553421584707e-01
1.276000000000000023e+00 5.439620414012352745e-01
1.276349023437499897e+00 5.436142592558311781e-01
1.276999999999999913e+00 5.430551492087163368e-01
1.278000000000000025e+00 5.426467461952058091e-01
1.278349609374999973e+00 5.423460664971214706e-01
1.278999999999999915e+00 5.419479337049959433e-01
1.280000000000000027e+00 5.413355994522454084e-01
1.280350097656250075e+00 5.410898732311124615e-01
1.280999999999999917e+00 5.410279437630185484e-01
1.282000000000000028e+00 5.413819276264998370e-01
1.282350683593749929e+00 5.413484662966684402e-01
1.282999999999999918e+00 5.412685781886250602e-01
1.284000000000000030e+00 5.411455187904024022e-01
1.284351171875000031e+00 5.411022965372792592e-01
1.284999999999999920e+00 5.415594717352260057e-01
1.286000000000000032e+00 5.427140101817705675e-01
1.286351757812500107e+00 5.429620335440953349e-01
1.286999999999999922e+00 5.435264836826911861e-01
1.288000000000000034e+00 5.443971591684013678e-01
1.288352343749999962e+00 5.447039176730995580e-01
1.288999999999999924e+00 5.452677846429667685e-01
1.290000000000000036e+00 5.465912193971542710e-01
1.290352832031250063e+00 5.468986177620250855e-01
1.290999999999999925e+00 5.473193274115378815e-01
1.292000000000000037e+00 5.479693494261630438e-01
1.292353417968749918e+00 5.481990626114259246e-01
1.292999999999999927e+00 5.482262616108171116e-01
1.294000000000000039e+00 5.487225029704436707e-01
1.294353906250000019e+00 5.487373819796115271e-01
1.294999999999999929e+00 5.487824209258337360e-01
1.296000000000000041e+00 5.488520973619138710e-01
1.296354492187500096e+00 5.488767874332149965e-01
1.296999999999999931e+00 5.484040625300146132e-01
1.298000000000000043e+00 5.476717312486779621e-01
1.298354980468749975e+00 5.475726365245046079e-01
1.298999999999999932e+00 5.475350108621822587e-01
1.300000000000000044e+00 5.470234919131462537e-01
1.300355566406250052e+00 5.469078339089308294e-01
1.300999999999999934e+00 5.461629353006342003e-01
1.302000000000000046e+00 5.450063827467136468e-01
1.302356054687499931e+00 5.447547865778621379e-01
1.302999999999999936e+00 5.449415721798857026e-01
1.304000000000000048e+00 5.447810268896171593e-01
1.304356738281249983e+00 5.447237134984757034e-01
1.304999999999999938e+00 5.445310598401654767e-01
1.306000000000000050e+00 5.442313544251737856e-01
1.306357226562500085e+00 5.441242295869340717e-01
1.306999999999999940e+00 5.443417668485159844e-01
1.308000000000000052e+00 5.451304393748082067e-01
1.308357714843749964e+00 5.452516817559859286e-01
1.308999999999999941e+00 5.452908807525979062e-01
1.310000000000000053e+00 5.453518879981555934e-01
1.310358300781250041e+00 5.453737400419369497e-01
1.310999999999999943e+00 5.458947827876051706e-01
1.312000000000000055e+00 5.467071223225838938e-01
1.312358789062499920e+00 5.471607592239747797e-01
1.312999999999999945e+00 5.477398633100714065e-01
1.314000000000000057e+00 5.481914706209252142e-01
1.314359374999999996e+00 5.483538202481788026e-01
1.314999999999999947e+00 5.484468661075944107e-01
1.316000000000000059e+00 5.485921285161533545e-01
1.316359863281250098e+00 5.488073185233670603e-01
1.316999999999999948e+00 5.492973992394831750e-01
1.318000000000000060e+00 5.496103955690513354e-01
1.318360546874999928e+00 5.497232773699430863e-01
1.318999999999999950e+00 5.498520764657144344e-01
1.320000000000000062e+00 5.500535461847174679e-01
1.320361035156250029e+00 5.500849162479569676e-01
1.320999999999999952e+00 5.502654303892794418e-01
1.322000000000000064e+00 5.510018232186094655e-01
1.322361523437499908e+00 5.511040696101672243e-01
1.322999999999999954e+00 5.511775060438743878e-01
1.324000000000000066e+00 5.512925372480476094e-01
1.324362109374999985e+00 5.513341950362367072e-01
1.324999999999999956e+00 5.515682023191931238e-01
1.326000000000000068e+00 5.519351049704832590e-01
1.326362597656250086e+00 5.520681602634026630e-01
1.326999999999999957e+00 5.525161266721504427e-01
1.328000000000000069e+00 5.536747635175519600e-01
1.328363183593749941e+00 5.539302965706118798e-01
1.328999999999999959e+00 5.541464733133462106e-01
1.330000000000000071e+00 5.544859903998193840e-01
1.330363671875000042e+00 5.546094790635487382e-01
1.330999999999999961e+00 5.545225045865619373e-01
1.332000000000000073e+00 5.543857915781552625e-01
1.332364257812499897e+00 5.545021615685618022e-01
1.332999999999999963e+00 5.548478038914720356e-01
1.334000000000000075e+00 5.549352846175863441e-01
1.334364843749999974e+00 5.549672038768594939e-01
1.334999999999999964e+00 5.547376720545290629e-01
1.336000000000000076e+00 5.543762230012844183e-01
1.336365332031250075e+00 5.542441525654852041e-01
1.336999999999999966e+00 5.540325223817987865e-01
1.338000000000000078e+00 5.536990065350070322e-01
1.338365917968749930e+00 5.537435368538760061e-01
1.338999999999999968e+00 5.533751981783542329e-01
1.340000000000000080e+00 5.523388434522494839e-01
1.340366406250000031e+00 5.518491499849463855e-01
1.340999999999999970e+00 5.511628136741771877e-01
1.342000000000000082e+00 5.500801765778534635e-01
1.342366992187500108e+00 5.496830434425554746e-01
1.342999999999999972e+00 5.490160288313881143e-01
1.344000000000000083e+00 5.479628924083863595e-01
1.344367480468749987e+00 5.477414173188601687e-01
1.344999999999999973e+00 5.472889359744067539e-01
1.346000000000000085e+00 5.461242787355040651e-01
1.346368066406250064e+00 5.456958130928536432e-01
1.346999999999999975e+00 5.458283490492314982e-01
1.348000000000000087e+00 5.460377652026086048e-01
1.348368554687499943e+00 5.461148492530180087e-01
1.348999999999999977e+00 5.459284957206714806e-01
1.350000000000000089e+00 5.456334191515486154e-01
1.350369238281249995e+00 5.456633889799639148e-01
1.350999999999999979e+00 5.461029921525534236e-01
1.352000000000000091e+00 5.463516429356377602e-01
1.352369726562500096e+00 5.464434335064490833e-01
1.352999999999999980e+00 5.467936117588737543e-01
1.354000000000000092e+00 5.473484656697630291e-01
1.354370214843749975e+00 5.475536495554744754e-01
1.354999999999999982e+00 5.482190925581661434e-01
1.356000000000000094e+00 5.492745015865193592e-01
1.356370800781250052e+00 5.496654707907698834e-01
1.356999999999999984e+00 5.496963787009089275e-01
1.358000000000000096e+00 5.501962281898190588e-01
1.358371289062499931e+00 5.502142938692552443e-01
1.358999999999999986e+00 5.496134133361222363e-01
1.360000000000000098e+00 5.486583385651698785e-01
1.360371875000000008e+00 5.479186529679693773e-01
1.360999999999999988e+00 5.484699900902650915e-01
1.362000000000000099e+00 5.493399861615543278e-01
1.362372363281250109e+00 5.496615098817665412e-01
1.362999999999999989e+00 5.496793111723267122e-01
1.364000000000000101e+00 5.497032850267032922e-01
1.364373046874999940e+00 5.497108492808734370e-01
1.364999999999999991e+00 5.482544318396186389e-01
1.366000000000000103e+00 5.463839336875045971e-01
1.366373535156250041e+00 5.455189803421084394e-01
1.366999999999999993e+00 5.451698230212941310e-01
1.368000000000000105e+00 5.446104393723979475e-01
1.368374023437499920e+00 5.444005739308100944e-01
1.368999999999999995e+00 5.434507050673564876e-01
1.370000000000000107e+00 5.419351235261375965e-01
1.370374609374999997e+00 5.413679543236045166e-01
1.370999999999999996e+00 5.404727160195855751e-01
1.372000000000000108e+00 5.390427349480186869e-01
1.372375097656250098e+00 5.385068301392866852e-01
1.372999999999999998e+00 5.377328112061788845e-01
1.374000000000000110e+00 5.364949230687207082e-01
1.374375683593749953e+00 5.361950392686312128e-01
1.375000000000000000e+00 5.353772024336793667e-01
1.375999999999999890e+00 5.336310232385186314e-01
1.376376171875000054e+00 5.329750586929430378e-01
1.377000000000000002e+00 5.323224688690578743e-01
1.377999999999999892e+00 5.312763361582302224e-01
1.378376757812499909e+00 5.308821891941027937e-01
1.379000000000000004e+00 5.292010700345810559e-01
1.379999999999999893e+00 5.265104357942550495e-01
1.380377343749999985e+00 5.256120667759645038e-01
1.381000000000000005e+00 5.251056907713896882e-01
1.381999999999999895e+00 5.242927035883764297e-01
1.382377832031250087e+00 5.239856158791523777e-01
1.383000000000000007e+00 5.232828762340869799e-01
1.383999999999999897e+00 5.242316909109354661e-01
1.384378417968749941e+00 5.245908464470072641e-01
1.385000000000000009e+00 5.244226610694533441e-01
1.385999999999999899e+00 5.245773859768823044e-01
1.386378906250000043e+00 5.244722198291269510e-01
1.387000000000000011e+00 5.253410923487583650e-01
1.387999999999999901e+00 5.267418314698150139e-01
1.388379492187499897e+00 5.272739824140486586e-01
1.389000000000000012e+00 5.273811524152639540e-01
1.389999999999999902e+00 5.275516765400539709e-01
1.390379980468749999e+00 5.276157631604562193e-01
1.391000000000000014e+00 5.285022536985587438e-01
1.391999999999999904e+00 5.299339181272554322e-01
1.392380566406250075e+00 5.304793734023460772e-01
1.393000000000000016e+00 5.299813765593387460e-01
1.393999999999999906e+00 5.291720911203803279e-01
1.394381054687499955e+00 5.288619753551700997e-01
1.395000000000000018e+00 5.306687903801894368e-01
1.395999999999999908e+00 5.335946455168504299e-01
1.396381738281250007e+00 5.347137314863094071e-01
1.397000000000000020e+00 5.347137474912836419e-01
1.397999999999999909e+00 5.347110416977973735e-01
1.398382226562500108e+00 5.347091146929432437e-01
1.399000000000000021e+00 5.358345566428025508e-01
1.399999999999999911e+00 5.376594359519641930e-01
1.400382714843749987e+00 5.381573178389347234e-01
1.401000000000000023e+00 5.380653964464272576e-01
1.401999999999999913e+00 5.379155172838578913e-01
1.402383300781250064e+00 5.378577513775001373e-01
1.403000000000000025e+00 5.387285188441408579e-01
1.403999999999999915e+00 5.401420417231187487e-01
1.404383789062499943e+00 5.406850430166846300e-01
1.405000000000000027e+00 5.411171800294807266e-01
1.405999999999999917e+00 5.418188583623726462e-01
1.406384375000000020e+00 5.420886967862306172e-01
1.407000000000000028e+00 5.423176061987881047e-01
1.407999999999999918e+00 5.431330111436989405e-01
1.408384863281249899e+00 5.432761386621079991e-01
1.409000000000000030e+00 5.440823250401469746e-01
1.409999999999999920e+00 5.453942732115624192e-01
1.410385546874999951e+00 5.459005430631517219e-01
1.411000000000000032e+00 5.459089396442790010e-01
1.411999999999999922e+00 5.459218990273380090e-01
1.412386035156250053e+00 5.459266677887191221e-01
1.413000000000000034e+00 5.466658569156094272e-01
1.413999999999999924e+00 5.478710078787857318e-01
1.414386523437499932e+00 5.483372225003009248e-01
1.415000000000000036e+00 5.480722979288065178e-01
1.415999999999999925e+00 5.476390434657272266e-01
1.416387109375000009e+00 5.474708561417054309e-01
1.417000000000000037e+00 5.478521839070871202e-01
1.417999999999999927e+00 5.484746264891500189e-01
1.418387597656250110e+00 5.487159715979449404e-01
1.419000000000000039e+00 5.488754060387383005e-01
1.419999999999999929e+00 5.486868301654493907e-01
1.420388183593749964e+00 5.485939457723649770e-01
1.421000000000000041e+00 5.486010811411780042e-01
1.421999999999999931e+00 5.486126974531623235e-01
1.422388671875000066e+00 5.486171968861655035e-01
1.423000000000000043e+00 5.485560552022624714e-01
1.423999999999999932e+00 5.484559814904235164e-01
1.424389257812499920e+00 5.484170071526476287e-01
1.425000000000000044e+00 5.483047296808969406e-01
1.425999999999999934e+00 5.481208231329680602e-01
1.426389843749999997e+00 5.480491051826438254e-01
1.427000000000000046e+00 5.477495354508263858e-01
1.427999999999999936e+00 5.472584592906154510e-01
1.428390429687500074e+00 5.470666935403381004e-01
1.429000000000000048e+00 5.474817645278666767e-01
1.429999999999999938e+00 5.481627190823477047e-01
1.430390917968749953e+00 5.484289267761680575e-01
1.431000000000000050e+00 5.482146633746145525e-01
1.431999999999999940e+00 5.478627947978970125e-01
1.432391406250000054e+00 5.477250415679054685e-01
1.433000000000000052e+00 5.476977043321036298e-01
1.433999999999999941e+00 5.476527330967381202e-01
1.434391992187499909e+00 5.476350869026445078e-01
1.435000000000000053e+00 5.477774672564733605e-01
1.435999999999999943e+00 5.480116216621063741e-01
1.436392480468750010e+00 5.481035156107806339e-01
1.437000000000000055e+00 5.483475215246330636e-01
1.437999999999999945e+00 5.487491624907956389e-01
1.438393066406250087e+00 5.489070333768379939e-01
1.439000000000000057e+00 5.489643579886436253e-01
1.439999999999999947e+00 5.486098055777677285e-01
1.440393554687499966e+00 5.486060121819520408e-01
1.441000000000000059e+00 5.487693520258625224e-01
1.441999999999999948e+00 5.490386056171339124e-01
1.442394238281250018e+00 5.491447261924601309e-01
1.443000000000000060e+00 5.494429647748760859e-01
1.443999999999999950e+00 5.499351721708243268e-01
1.444394726562499898e+00 5.501294152381367430e-01
1.445000000000000062e+00 5.503765870291565943e-01
1.445999999999999952e+00 5.507848377844356547e-01
1.446395214843749999e+00 5.509461456821338476e-01
1.447000000000000064e+00 5.507882012235091329e-01
1.447999999999999954e+00 5.505270587335350241e-01
1.448395800781250076e+00 5.504237036636601132e-01
1.449000000000000066e+00 5.510407436672639658e-01
1.449999999999999956e+00 5.520617650697636769e-01
1.450396289062499955e+00 5.523895517705609270e-01
1.451000000000000068e+00 5.522493478158073676e-01
1.451999999999999957e+00 5.524693533792570665e-01
1.452396875000000032e+00 5.525566810187683142e-01
1.453000000000000069e+00 5.525044308784201608e-01
1.453999999999999959e+00 5.524176649337043665e-01
1.454397363281249911e+00 5.523831410557329402e-01
1.455000000000000071e+00 5.522971202396734780e-01
1.455999999999999961e+00 5.521542148037651421e-01
1.456398046874999963e+00 5.520972745471557364e-01
1.457000000000000073e+00 5.517758160937931144e-01
1.457999999999999963e+00 5.507899736342831698e-01
1.458398535156250064e+00 5.505770347605226656e-01
1.459000000000000075e+00 5.503394870404056949e-01
1.459999999999999964e+00 5.499442340315348066e-01
1.460399121093749919e+00 5.497620071523046104e-01
1.461000000000000076e+00 5.493197104349564208e-01
1.461999999999999966e+00 5.485832974044708710e-01
1.462399609375000020e+00 5.482889045362803193e-01
1.463000000000000078e+00 5.480645978207541180e-01
1.463999999999999968e+00 5.476908037865665380e-01
1.464400097656249899e+00 5.473616082934490423e-01
1.465000000000000080e+00 5.466167803447011808e-01
1.465999999999999970e+00 5.458236729361453099e-01
1.466400683593749976e+00 5.455057648170080764e-01
1.467000000000000082e+00 5.453818524477948015e-01
1.467999999999999972e+00 5.451749670795303926e-01
1.468401171875000077e+00 5.450919250827369611e-01
1.469000000000000083e+00 5.449679299661864817e-01
1.469999999999999973e+00 5.447607378815108037e-01
1.470401757812499932e+00 5.444979496634773097e-01
1.471000000000000085e+00 5.445581646698308687e-01
1.471999999999999975e+00 5.451057637679131984e-01
1.472402343750000009e+00 5.453261415864661954e-01
1.473000000000000087e+00 5.455532859088777498e-01
1.473999999999999977e+00 5.459334362929222362e-01
1.474402929687500086e+00 5.460866426867594381e-01
1.475000000000000089e+00 5.461800693485400204e-01
1.475999999999999979e+00 5.458879791459961828e-01
1.476403417968749965e+00 5.459510580877117158e-01
1.477000000000000091e+00 5.462445686589102456e-01
1.477999999999999980e+00 5.467366893633706093e-01
1.478403906250000066e+00 5.469355074963705432e-01
1.479000000000000092e+00 5.473790688272022198e-01
1.479999999999999982e+00 5.476730003110539258e-01
1.480404492187499921e+00 5.479516106899569028e-01
1.481000000000000094e+00 5.481953088558236820e-01
1.481999999999999984e+00 5.486045889142445731e-01
1.482404980468750022e+00 5.487703580840557205e-01
1.483000000000000096e+00 5.491470805569301783e-01
1.483999999999999986e+00 5.493282179359849637e-01
1.484405566406250099e+00 5.495848580095549218e-01
1.485000000000000098e+00 5.497782484484503573e-01
1.485999999999999988e+00 5.501036185202070605e-01
1.486406054687499978e+00 5.502357488833461430e-01
1.487000000000000099e+00 5.503293417215729955e-01
1.487999999999999989e+00 5.500338216657018053e-01
1.488406738281250030e+00 5.500978608893211108e-01
1.489000000000000101e+00 5.502576151563716156e-01
1.489999999999999991e+00 5.505269187914250129e-01
1.490407226562499909e+00 5.506365944259739020e-01
1.491000000000000103e+00 5.511111254714866625e-01
1.491999999999999993e+00 5.514571980728963929e-01
1.492407812499999986e+00 5.517834979295370701e-01
1.493000000000000105e+00 5.518602367946903176e-01
1.493999999999999995e+00 5.519898147372394037e-01
1.494408300781250087e+00 5.520427188115183403e-01
1.495000000000000107e+00 5.526982563355933298e-01
1.495999999999999996e+00 5.533497657933387215e-01
1.496408789062499967e+00 5.538024397677243638e-01
1.497000000000000108e+00 5.538626011183825915e-01
1.497999999999999998e+00 5.539643471806527941e-01
1.498409375000000043e+00 5.538188602658569160e-01
1.499000000000000110e+00 5.540046956691437874e-01
1.500000000000000000e+00 5.547765880763602109e-01
1.500409863281249923e+00 5.549840250362723104e-01
1.500999999999999890e+00 5.549530673223814770e-01
1.502000000000000002e+00 5.544423783773860803e-01
1.502410546874999975e+00 5.544208232587439777e-01
1.502999999999999892e+00 5.544391719615574532e-01
1.504000000000000004e+00 5.544702076047501871e-01
1.504411035156250076e+00 5.542945647226725780e-01
1.504999999999999893e+00 5.536658386289746714e-01
1.506000000000000005e+00 5.530568595706439883e-01
1.506411621093749931e+00 5.528062858516179512e-01
1.506999999999999895e+00 5.523500093523201482e-01
1.508000000000000007e+00 5.511186344017690031e-01
1.508412109375000032e+00 5.507995889878624096e-01
1.508999999999999897e+00 5.502303343599564966e-01
1.510000000000000009e+00 5.492624915821603393e-01
1.510412597656249911e+00 5.486758767172001949e-01
1.510999999999999899e+00 5.477762298755691761e-01
1.512000000000000011e+00 5.466995033451794717e-01
1.512413183593749988e+00 5.462548079914854027e-01
1.512999999999999901e+00 5.453469947335738421e-01
1.514000000000000012e+00 5.433501967115339504e-01
1.514413671875000089e+00 5.427113773703353683e-01
1.514999999999999902e+00 5.416440496597674237e-01
1.516000000000000014e+00 5.398246176824614828e-01
1.516414257812499944e+00 5.388860899642635705e-01
1.516999999999999904e+00 5.376735310823134162e-01
1.518000000000000016e+00 5.360511850086799868e-01
1.518414843750000021e+00 5.351941453572551799e-01
1.518999999999999906e+00 5.341154779203096670e-01
1.520000000000000018e+00 5.327171088283136902e-01
1.520415429687500097e+00 5.321182067236222002e-01
1.520999999999999908e+00 5.312918378845198353e-01
1.522000000000000020e+00 5.294389450411535192e-01
1.522415917968749977e+00 5.288521549887373885e-01
1.522999999999999909e+00 5.284462777622044305e-01
1.524000000000000021e+00 5.273130881863118402e-01
1.524416503906250053e+00 5.270241949120384461e-01
1.524999999999999911e+00 5.267317817819342496e-01
1.526000000000000023e+00 5.262308830651059033e-01
1.526416992187499932e+00 5.258396085196022085e-01
1.526999999999999913e+00 5.253088870204996041e-01
1.528000000000000025e+00 5.248364355401956560e-01
1.528417480468750034e+00 5.244569222103170336e-01
1.528999999999999915e+00 5.241668604272385901e-01
1.530000000000000027e+00 5.241056628932879713e-01
1.530418066406250110e+00 5.238974645353088322e-01
1.530999999999999917e+00 5.237348956120827514e-01
1.532000000000000028e+00 5.238920830740204648e-01
1.532418554687499990e+00 5.237748820573867592e-01
1.532999999999999918e+00 5.237229302996229130e-01
1.534000000000000030e+00 5.240702612186856069e-01
1.534419238281250042e+00 5.240323141142473329e-01
1.534999999999999920e+00 5.239636874838087266e-01
1.536000000000000032e+00 5.242827483530015931e-01
1.536419726562499921e+00 5.244165473677667721e-01
1.536999999999999922e+00 5.246487307377232234e-01
1.538000000000000034e+00 5.246098291221417131e-01
1.538420312499999998e+00 5.247775709021730295e-01
1.538999999999999924e+00 5.251662977661686327e-01
1.540000000000000036e+00 5.253966915679375571e-01
1.540420800781250099e+00 5.256895632638631799e-01
1.540999999999999925e+00 5.258568728170419648e-01
1.542000000000000037e+00 5.257051736080488036e-01
1.542421289062499978e+00 5.258265644176732811e-01
1.542999999999999927e+00 5.259931896808491825e-01
1.544000000000000039e+00 5.258400701140313327e-01
1.544421875000000055e+00 5.259612343375563714e-01
1.544999999999999929e+00 5.262366074165760743e-01
1.546000000000000041e+00 5.262710924322913097e-01
1.546422363281249934e+00 5.262852568435112399e-01
1.546999999999999931e+00 5.261640450504946331e-01
1.548000000000000043e+00 5.263956767328002995e-01
1.548423046874999986e+00 5.263065856313446922e-01
1.548999999999999932e+00 5.260450998758638974e-01
1.550000000000000044e+00 5.260338360129819257e-01
1.550423535156250088e+00 5.259016127703348698e-01
1.550999999999999934e+00 5.257835577567184782e-01
1.552000000000000046e+00 5.260208271272884817e-01
1.552424121093749942e+00 5.259337599736887414e-01
1.552999999999999936e+00 5.256297886120055995e-01
1.554000000000000048e+00 5.255444661146548846e-01
1.554424609375000044e+00 5.253204282863114249e-01
1.554999999999999938e+00 5.248161755691733710e-01
1.556000000000000050e+00 5.239403992760860440e-01
1.556425195312499898e+00 5.237560519767956446e-01
1.556999999999999940e+00 5.234914444592144722e-01
1.558000000000000052e+00 5.225901470360579948e-01
1.558425683593750000e+00 5.223944091171285331e-01
1.558999999999999941e+00 5.219919618320503218e-01
1.560000000000000053e+00 5.208514570313544922e-01
1.560426171875000101e+00 5.205413576250617069e-01
1.560999999999999943e+00 5.199550687188793097e-01
1.562000000000000055e+00 5.184952875605806089e-01
1.562426757812499956e+00 5.178729560497769002e-01
1.562999999999999945e+00 5.169917134211087228e-01
1.564000000000000057e+00 5.158925698292703421e-01
1.564427343750000032e+00 5.152366035103285169e-01
1.564999999999999947e+00 5.141139334408808548e-01
1.566000000000000059e+00 5.121558757951595320e-01
1.566427929687500109e+00 5.115044051675632364e-01
1.566999999999999948e+00 5.105421971893511213e-01
1.568000000000000060e+00 5.084294298530291911e-01
1.568428417968749988e+00 5.077097906165868313e-01
1.568999999999999950e+00 5.069930947797088860e-01
1.570000000000000062e+00 5.053105410236035100e-01
1.570429003906250065e+00 5.045895109437401604e-01
1.570999999999999952e+00 5.033728594957115332e-01
1.572000000000000064e+00 5.016709958633491784e-01
1.572429492187499944e+00 5.007574190874114484e-01
1.572999999999999954e+00 4.996961512202477973e-01
1.574000000000000066e+00 4.978382013225253755e-01
1.574430078125000021e+00 4.972220286841579906e-01
1.574999999999999956e+00 4.970092927530458393e-01
1.576000000000000068e+00 4.962134582676421268e-01
1.576430566406249900e+00 4.958710023925114729e-01
1.576999999999999957e+00 4.958246219512102981e-01
1.578000000000000069e+00 4.957426570648127417e-01
1.578431054687500001e+00 4.958894756665190862e-01
1.578999999999999959e+00 4.966538149023980719e-01
1.580000000000000071e+00 4.975719465038566658e-01
1.580431738281250054e+00 4.979760143082588852e-01
1.580999999999999961e+00 4.993754365280525520e-01
1.582000000000000073e+00 5.022629251290082752e-01
1.582432226562499933e+00 5.033247489768429839e-01
1.582999999999999963e+00 5.050614896305271051e-01
1.584000000000000075e+00 5.081149210422042373e-01
1.584432812500000010e+00 5.094343794601702280e-01
1.584999999999999964e+00 5.103423775985979072e-01
1.586000000000000076e+00 5.123791305030120924e-01
1.586433300781250111e+00 5.130709125624842715e-01
1.586999999999999966e+00 5.099457918590137862e-01
1.588000000000000078e+00 5.044389913088219712e-01
1.588433886718749966e+00 5.020527833674598428e-01
1.588999999999999968e+00 4.909826147611901503e-01
1.590000000000000080e+00 4.718627485792908915e-01
1.590434375000000067e+00 4.633860505855176282e-01
1.590999999999999970e+00 4.415598969211866898e-01
1.592000000000000082e+00 4.030311242005387151e-01
1.592434863281249946e+00 3.862998629876669421e-01
1.592999999999999972e+00 3.584144066510364102e-01
1.594000000000000083e+00 3.091472081738512734e-01
1.594435546874999998e+00 2.878273408010192935e-01
1.594999999999999973e+00 2.615081231618868185e-01
1.596000000000000085e+00 2.147042281155038257e-01
1.596436035156250099e+00 1.943248998810455652e-01
1.596999999999999975e+00 1.744649982134012789e-01
1.598000000000000087e+00 1.393044264947981559e-01
1.598436621093749954e+00 1.239743241077549546e-01
1.598999999999999977e+00 1.109277169819281872e-01
1.600000000000000089e+00 8.788164522765670728e-02
1.600437109375000055e+00 7.778174647951081877e-02
1.600999999999999979e+00 6.943909671825258811e-02
1.602000000000000091e+00 5.463995701237629732e-02
1.602437695312499910e+00 4.817127252324334558e-02
1.602999999999999980e+00 4.314433004542832933e-02
1.604000000000000092e+00 3.421768876163593098e-02
1.604438183593750011e+00 3.031152629150559927e-02
1.604999999999999982e+00 2.727547607818078118e-02
1.606000000000000094e+00 2.189852807508595525e-02
1.606438769531250088e+00 1.953213005557087253e-02
1.606999999999999984e+00 1.768883438424693338e-02
1.608000000000000096e+00 1.440932767314451537e-02
1.608439257812499967e+00 1.297075162320233954e-02
1.608999999999999986e+00 1.177040759450572426e-02
1.610000000000000098e+00 9.632954298450306999e-03
1.610439843750000044e+00 8.694099904714220478e-03
1.610999999999999988e+00 7.936049666717010301e-03
1.612000000000000099e+00 6.584778284797016164e-03
1.612440429687499899e+00 5.990457020491634678e-03
1.612999999999999989e+00 5.464279844238199152e-03
1.614000000000000101e+00 4.525356313482105201e-03
1.614440917968750000e+00 4.111938607270050963e-03
1.614999999999999991e+00 3.763128951631711065e-03
1.616000000000000103e+00 3.142914562253525113e-03
1.616441503906250077e+00 2.868012516354704299e-03
1.616999999999999993e+00 2.652076589117613372e-03
1.618000000000000105e+00 2.266014581280857004e-03
1.618441992187499956e+00 2.095614021650421457e-03
1.618999999999999995e+00 1.937711887756320009e-03
1.620000000000000107e+00 1.655159419381488969e-03
1.620442578125000033e+00 1.530156793497109129e-03
1.620999999999999996e+00 1.424038129264441682e-03
1.622000000000000108e+00 1.234002547742058626e-03
1.622443066406249912e+00 1.149942940821333318e-03
1.622999999999999998e+00 1.058563895628932341e-03
1.624000000000000110e+00 8.947808043054520689e-04
1.624443554687500013e+00 8.222542027306671249e-04
1.625000000000000000e+00 7.793775899410204482e-04
1.625999999999999890e+00 7.024599154017735925e-04
1.626444238281250065e+00 6.683465810942978980e-04
1.627000000000000002e+00 6.173435715377349059e-04
1.627999999999999892e+00 5.257358741295072154e-04
1.628444726562499945e+00 4.850630879076254479e-04
1.629000000000000004e+00 4.763663099237469166e-04
1.629999999999999893e+00 4.607315558285201770e-04
1.630445312500000021e+00 4.537804956241376871e-04
1.631000000000000005e+00 4.115892048439395733e-04
1.631999999999999895e+00 3.356622362028279937e-04
1.632445800781249901e+00 3.018703420567730241e-04
1.633000000000000007e+00 2.738290469351882766e-04
1.633999999999999897e+00 2.233218661689817118e-04
1.634446386718749977e+00 2.008137948636911870e-04
1.635000000000000009e+00 1.729147342120168726e-04
1.635446582031250040e+00 1.504354948145580396e-04
1.635999999999999899e+00 1.481201460584251589e-04
1.637000000000000011e+00 1.438153209050893036e-04
1.637999999999999901e+00 1.396518885892295903e-04
1.639000000000000012e+00 1.354978525151709996e-04
1.639999999999999902e+00 1.313531771404948055e-04
1.641000000000000014e+00 1.272929011156737923e-04
1.641999999999999904e+00 1.232371307655342509e-04
1.643000000000000016e+00 1.191858882042107605e-04
1.643999999999999906e+00 1.151391938556089301e-04
1.645000000000000018e+00 1.110970307210115877e-04
1.645999999999999908e+00 1.069630635036008685e-04
1.647000000000000020e+00 1.029335588574200022e-04
1.647999999999999909e+00 9.890863533714157568e-05
1.649000000000000021e+00 9.488827930702823374e-05
1.649999999999999911e+00 9.087250989834211616e-05
1.651000000000000023e+00 8.686134454449191634e-05
1.651999999999999913e+00 8.285477213848664276e-05
1.653000000000000025e+00 7.878132630414559948e-05
1.653999999999999915e+00 7.478754576247125430e-05
1.655000000000000027e+00 7.079840205672985050e-05
1.655999999999999917e+00 6.681388745802025082e-05
1.657000000000000028e+00 6.283402492315766927e-05
1.657999999999999918e+00 5.880515157128523033e-05
1.659000000000000030e+00 5.483817631830084009e-05
1.659999999999999920e+00 5.087586626251205008e-05
1.660453320312500036e+00 4.902494841699832822e-05
1.661000000000000032e+00 4.894107468352517683e-05
1.661999999999999922e+00 4.874319249799054709e-05
1.663000000000000034e+00 4.859038732841803747e-05
1.663999999999999924e+00 4.843786930321174823e-05
1.665000000000000036e+00 4.828564872734842029e-05
1.665999999999999925e+00 4.808943138162156559e-05
1.667000000000000037e+00 4.793789301633466591e-05
1.667999999999999927e+00 4.778664051164316069e-05
1.669000000000000039e+00 4.759169709172385499e-05
1.669999999999999929e+00 4.744112452591461306e-05
1.671000000000000041e+00 4.729084730205795938e-05
1.671999999999999931e+00 4.709716322423835157e-05
1.673000000000000043e+00 4.694756362533785153e-05
1.673999999999999932e+00 4.679824792520489003e-05
1.675000000000000044e+00 4.660582954086853088e-05
1.675999999999999934e+00 4.645718920351755109e-05
1.677000000000000046e+00 4.630884210987609180e-05
1.677999999999999936e+00 4.611768013072833347e-05
1.679000000000000048e+00 4.597000095769954533e-05
1.679999999999999938e+00 4.577970691159987803e-05
1.681000000000000050e+00 4.563466454315499193e-05
1.681999999999999940e+00 4.548985978200652009e-05
1.683000000000000052e+00 4.530266257412010242e-05
1.683999999999999941e+00 4.515841814684659237e-05
1.685000000000000053e+00 4.497197237851124733e-05
1.685999999999999943e+00 4.482828764668851006e-05
1.687000000000000055e+00 4.464259756093774060e-05
1.687999999999999945e+00 4.449946685156850722e-05
1.689000000000000057e+00 4.435656769406408031e-05
1.689999999999999947e+00 4.417195433207684522e-05
1.691000000000000059e+00 4.402961832547127696e-05
1.691999999999999948e+00 4.384574865935756880e-05
1.693000000000000060e+00 4.370397015405162863e-05
1.693999999999999950e+00 4.352085336030425141e-05
1.695000000000000062e+00 4.337962676380939704e-05
1.695999999999999952e+00 4.319725707406689495e-05
1.697000000000000064e+00 4.301530823566183508e-05
1.697999999999999954e+00 4.287496335137578620e-05
1.699000000000000066e+00 4.269376039359255973e-05
1.699999999999999956e+00 4.255397076559048282e-05
1.701000000000000068e+00 4.234126036118092488e-05
1.701999999999999957e+00 4.216986170469292722e-05
1.703000000000000069e+00 4.195816661583071799e-05
1.703999999999999959e+00 4.174704168567071517e-05
1.705000000000000071e+00 4.157684947434266408e-05
1.705999999999999961e+00 4.136673784807627440e-05
1.707000000000000073e+00 4.119730659590189076e-05
1.707999999999999963e+00 4.098820697530284436e-05
1.709000000000000075e+00 4.077967569871302297e-05
1.709999999999999964e+00 4.061144672702290829e-05
1.711000000000000076e+00 4.040392544513777862e-05
1.711999999999999966e+00 4.019697140595871615e-05
1.713000000000000078e+00 4.002994217826620437e-05
1.713999999999999968e+00 3.982399612325411477e-05
1.715000000000000080e+00 3.961861620987886472e-05
1.715999999999999970e+00 3.945278419023403763e-05
1.717000000000000082e+00 3.924841025091651154e-05
1.717999999999999972e+00 3.904460135240257393e-05
1.719000000000000083e+00 3.887996400539706554e-05
1.719999999999999973e+00 3.867715907126367787e-05
1.721000000000000085e+00 3.816364404467278396e-05
1.721999999999999975e+00 3.765216904289927819e-05
1.723000000000000087e+00 3.717990937736386165e-05
1.723999999999999977e+00 3.667207440326953304e-05
1.725000000000000089e+00 3.616627188126129148e-05
1.725999999999999979e+00 3.566250426529344019e-05
1.727000000000000091e+00 3.516076535285231781e-05
1.727999999999999980e+00 3.469606821439077509e-05
1.729000000000000092e+00 3.419795452933324469e-05
1.729999999999999982e+00 3.370186422954516792e-05
1.731000000000000094e+00 3.320779951514151292e-05
1.731999999999999984e+00 3.271575444612530450e-05
1.733000000000000096e+00 3.222573112136698398e-05
1.733999999999999986e+00 3.173772370567015736e-05
1.735000000000000098e+00 3.128372123048036609e-05
1.735999999999999988e+00 3.079931501373189763e-05
1.737000000000000099e+00 3.031691940535306132e-05
1.737999999999999989e+00 2.983653625160896165e-05
1.739000000000000101e+00 2.935816178257269935e-05
1.739999999999999991e+00 2.888179233174916464e-05
1.741000000000000103e+00 2.800306920224574322e-05
1.741999999999999993e+00 2.712833292344014039e-05
1.743000000000000105e+00 2.625758295265018499e-05
1.743999999999999995e+00 2.539081203966235881e-05
1.745000000000000107e+00 2.452801944390098043e-05
1.745999999999999996e+00 2.366919812081994426e-05
1.747000000000000108e+00 2.281434713224289148e-05
1.747999999999999998e+00 2.196346101412443433e-05
1.749000000000000110e+00 2.111653450558851117e-05
1.750000000000000000e+00 2.027356637260622460e-05
1.750999999999999890e+00 1.943455008350023533e-05
1.752000000000000002e+00 1.859948420737192069e-05
1.752999999999999892e+00 1.776836241717220724e-05
1.754000000000000004e+00 1.694118308542473964e-05
1.754999999999999893e+00 1.611794111361717344e-05
1.756000000000000005e+00 1.529863160537267303e-05
1.756999999999999895e+00 1.448325263889528442e-05
1.758000000000000007e+00 1.367179839741041470e-05
1.758999999999999897e+00 1.286426676327333715e-05
1.760000000000000009e+00 1.204765589787659468e-05
1.760453320312499903e+00 1.183213903937019789e-05
1.760999999999999899e+00 1.157284789184912401e-05
1.762000000000000011e+00 1.110027157095059484e-05
1.762999999999999901e+00 1.062992641354297656e-05
1.764000000000000012e+00 1.016180969051495289e-05
1.764999999999999902e+00 9.695918789029651306e-06
1.766000000000000014e+00 9.222162651278304239e-06
1.766999999999999904e+00 8.761202702133513492e-06
1.768000000000000016e+00 8.302462946241069572e-06
1.768999999999999906e+00 7.845940889174330511e-06
1.770000000000000018e+00 7.383476691864135341e-06
1.770999999999999908e+00 6.931867744808091833e-06
1.772000000000000020e+00 6.482470763127869060e-06
1.772999999999999909e+00 6.035283370504481889e-06
1.774000000000000021e+00 5.584072277417370986e-06
1.774999999999999911e+00 5.141779809335274669e-06
1.776000000000000023e+00 4.701691463464436923e-06
1.776999999999999913e+00 4.263804609821871662e-06
1.778000000000000025e+00 3.823806987937821077e-06
1.778999999999999915e+00 3.390797387666108562e-06
1.780000000000000027e+00 2.959983593688728124e-06
1.780999999999999917e+00 2.839149575573856777e-06
1.782000000000000028e+00 2.722244481666417417e-06
1.782999999999999918e+00 2.602940515090336701e-06
1.784000000000000030e+00 2.487312649818665314e-06
1.784999999999999920e+00 2.372259550594043844e-06
1.786000000000000032e+00 2.255182769597052866e-06
1.786999999999999922e+00 2.141403522663150368e-06
1.788000000000000034e+00 2.025849996253392696e-06
1.788999999999999924e+00 1.913342014777707647e-06
1.790000000000000036e+00 1.799308994826012435e-06
1.790999999999999925e+00 1.688069863829648688e-06
1.792000000000000037e+00 1.575554604448078174e-06
1.792999999999999927e+00 1.465581910982095122e-06
1.794000000000000039e+00 1.354581668523119408e-06
1.794999999999999929e+00 1.245873001667779605e-06
1.796000000000000041e+00 1.136385034723465199e-06
1.796999999999999931e+00 1.028937985587478385e-06
1.798000000000000043e+00 9.209595549886670001e-07
1.798999999999999932e+00 8.147717167084391008e-07
1.800000000000000044e+00 7.083000855239327062e-07
1.800100000000000033e+00 0.000000000000000000e+00
1.800200000000000022e+00 0.000000000000000000e+00
1.820000000000000062e+00 0.000000000000000000e+00
1.840000000000000080e+00 0.000000000000000000e+00
1.860000000000000098e+00 0.000000000000000000e+00
1.860453320312499992e+00 0.000000000000000000e+00
1.879999999999999893e+00 0.000000000000000000e+00
1.899999999999999911e+00 0.000000000000000000e+00
1.919999999999999929e+00 0.000000000000000000e+00
1.939999999999999947e+00 0.000000000000000000e+00
1.959999999999999964e+00 0.000000000000000000e+00
1.960453320312500081e+00 0.000000000000000000e+00
1.960553320312500070e+00 0.000000000000000000e+00
1.960653320312500059e+00 0.000000000000000000e+00
1.979999999999999982e+00 0.000000000000000000e+00
2.000000000000000000e+00 0.000000000000000000e+00
2.000100000000000211e+00 0.000000000000000000e+00
2.000199999999999978e+00 0.000000000000000000e+00
3.000000000000000000e+00 0.000000000000000000e+00
3.000999999999999890e+00 0.000000000000000000e+00
