# WAVELENGTH THROUGHPUT
5.000000000000000278e-02 0.000000000000000000e+00
9.979999999999999982e-02 0.000000000000000000e+00
9.990000000000000269e-02 0.000000000000000000e+00
1.000000000000000056e-01 0.000000000000000000e+00
1.010000000000000064e-01 0.000000000000000000e+00
1.019999999999999934e-01 0.000000000000000000e+00
1.029999999999999943e-01 0.000000000000000000e+00
1.039999999999999952e-01 0.000000000000000000e+00
1.049999999999999961e-01 0.000000000000000000e+00
1.059999999999999970e-01 0.000000000000000000e+00
1.069999999999999979e-01 0.000000000000000000e+00
1.079999999999999988e-01 0.000000000000000000e+00
1.089999999999999997e-01 0.000000000000000000e+00
1.100000000000000006e-01 0.000000000000000000e+00
1.110000000000000014e-01 0.000000000000000000e+00
1.120000000000000023e-01 0.000000000000000000e+00
1.130000000000000032e-01 0.000000000000000000e+00
1.140000000000000041e-01 0.000000000000000000e+00
1.150000000000000050e-01 0.000000000000000000e+00
1.160000000000000059e-01 0.000000000000000000e+00
1.170000000000000068e-01 0.000000000000000000e+00
1.179999999999999938e-01 0.000000000000000000e+00
1.189999999999999947e-01 0.000000000000000000e+00
1.199999999999999956e-01 0.000000000000000000e+00
1.209999999999999964e-01 0.000000000000000000e+00
1.219999999999999973e-01 0.000000000000000000e+00
1.229999999999999982e-01 0.000000000000000000e+00
1.239999999999999991e-01 0.000000000000000000e+00
1.250000000000000000e-01 0.000000000000000000e+00
1.260000000000000009e-01 0.000000000000000000e+00
1.270000000000000018e-01 0.000000000000000000e+00
1.280000000000000027e-01 0.000000000000000000e+00
1.290000000000000036e-01 0.000000000000000000e+00
1.300000000000000044e-01 0.000000000000000000e+00
1.310000000000000053e-01 0.000000000000000000e+00
1.320000000000000062e-01 0.000000000000000000e+00
1.330000000000000071e-01 0.000000000000000000e+00
1.340000000000000080e-01 0.000000000000000000e+00
1.350000000000000089e-01 0.000000000000000000e+00
1.360000000000000098e-01 0.000000000000000000e+00
1.370000000000000107e-01 0.000000000000000000e+00
1.380000000000000115e-01 0.000000000000000000e+00
1.390000000000000124e-01 0.000000000000000000e+00
1.400000000000000133e-01 0.000000000000000000e+00
1.409999999999999865e-01 0.000000000000000000e+00
1.419999999999999873e-01 0.000000000000000000e+00
1.429999999999999882e-01 0.000000000000000000e+00
1.439999999999999891e-01 0.000000000000000000e+00
1.449999999999999900e-01 0.000000000000000000e+00
1.459999999999999909e-01 0.000000000000000000e+00
1.469999999999999918e-01 0.000000000000000000e+00
1.479999999999999927e-01 0.000000000000000000e+00
1.489999999999999936e-01 0.000000000000000000e+00
1.499999999999999944e-01 0.000000000000000000e+00
1.509999999999999953e-01 0.000000000000000000e+00
1.519999999999999962e-01 0.000000000000000000e+00
1.529999999999999971e-01 0.000000000000000000e+00
1.539999999999999980e-01 0.000000000000000000e+00
1.549999999999999989e-01 0.000000000000000000e+00
1.559999999999999998e-01 0.000000000000000000e+00
1.570000000000000007e-01 0.000000000000000000e+00
1.580000000000000016e-01 0.000000000000000000e+00
1.590000000000000024e-01 0.000000000000000000e+00
1.600000000000000033e-01 0.000000000000000000e+00
1.610000000000000042e-01 0.000000000000000000e+00
1.620000000000000051e-01 0.000000000000000000e+00
1.630000000000000060e-01 0.000000000000000000e+00
1.640000000000000069e-01 0.000000000000000000e+00
1.650000000000000078e-01 0.000000000000000000e+00
1.660000000000000087e-01 0.000000000000000000e+00
1.670000000000000095e-01 0.000000000000000000e+00
1.680000000000000104e-01 0.000000000000000000e+00
1.690000000000000113e-01 0.000000000000000000e+00
1.700000000000000122e-01 0.000000000000000000e+00
1.710000000000000131e-01 0.000000000000000000e+00
1.719999999999999862e-01 0.000000000000000000e+00
1.729999999999999871e-01 0.000000000000000000e+00
1.739999999999999880e-01 0.000000000000000000e+00
1.749999999999999889e-01 0.000000000000000000e+00
1.759999999999999898e-01 0.000000000000000000e+00
1.769999999999999907e-01 0.000000000000000000e+00
1.779999999999999916e-01 0.000000000000000000e+00
1.789999999999999925e-01 0.000000000000000000e+00
1.799999999999999933e-01 0.000000000000000000e+00
1.809999999999999942e-01 0.000000000000000000e+00
1.819999999999999951e-01 0.000000000000000000e+00
1.829999999999999960e-01 0.000000000000000000e+00
1.839999999999999969e-01 0.000000000000000000e+00
1.849999999999999978e-01 0.000000000000000000e+00
1.859999999999999987e-01 0.000000000000000000e+00
1.869999999999999996e-01 0.000000000000000000e+00
1.880000000000000004e-01 0.000000000000000000e+00
1.890000000000000013e-01 0.000000000000000000e+00
1.900000000000000022e-01 0.000000000000000000e+00
1.910000000000000031e-01 0.000000000000000000e+00
1.920000000000000040e-01 0.000000000000000000e+00
1.930000000000000049e-01 0.000000000000000000e+00
1.940000000000000058e-01 0.000000000000000000e+00
1.950000000000000067e-01 0.000000000000000000e+00
1.960000000000000075e-01 0.000000000000000000e+00
1.970000000000000084e-01 0.000000000000000000e+00
1.980000000000000093e-01 0.000000000000000000e+00
1.988000000000000045e-01 0.000000000000000000e+00
1.988999999999999935e-01 0.000000000000000000e+00
1.990000000000000102e-01 0.000000000000000000e+00
2.000000000000000111e-01 0.000000000000000000e+00
2.010000000000000120e-01 0.000000000000000000e+00
2.020000000000000129e-01 0.000000000000000000e+00
2.030000000000000138e-01 0.000000000000000000e+00
2.039999999999999869e-01 0.000000000000000000e+00
2.049999999999999878e-01 0.000000000000000000e+00
2.059999999999999887e-01 0.000000000000000000e+00
2.069999999999999896e-01 0.000000000000000000e+00
2.079999999999999905e-01 0.000000000000000000e+00
2.089999999999999913e-01 0.000000000000000000e+00
2.099999999999999922e-01 0.000000000000000000e+00
2.109999999999999931e-01 0.000000000000000000e+00
2.119999999999999940e-01 0.000000000000000000e+00
2.129999999999999949e-01 0.000000000000000000e+00
2.139999999999999958e-01 0.000000000000000000e+00
2.149999999999999967e-01 0.000000000000000000e+00
2.159999999999999976e-01 0.000000000000000000e+00
2.169999999999999984e-01 0.000000000000000000e+00
2.179999999999999993e-01 0.000000000000000000e+00
2.190000000000000002e-01 0.000000000000000000e+00
2.200000000000000011e-01 0.000000000000000000e+00
2.210000000000000020e-01 0.000000000000000000e+00
2.220000000000000029e-01 0.000000000000000000e+00
2.230000000000000038e-01 0.000000000000000000e+00
2.240000000000000047e-01 0.000000000000000000e+00
2.250000000000000056e-01 0.000000000000000000e+00
2.260000000000000064e-01 0.000000000000000000e+00
2.270000000000000073e-01 0.000000000000000000e+00
2.280000000000000082e-01 0.000000000000000000e+00
2.290000000000000091e-01 0.000000000000000000e+00
2.300000000000000100e-01 0.000000000000000000e+00
2.310000000000000109e-01 0.000000000000000000e+00
2.320000000000000118e-01 0.000000000000000000e+00
2.330000000000000127e-01 0.000000000000000000e+00
2.340000000000000135e-01 0.000000000000000000e+00
2.349999999999999867e-01 0.000000000000000000e+00
2.359999999999999876e-01 0.000000000000000000e+00
2.369999999999999885e-01 0.000000000000000000e+00
2.379999999999999893e-01 0.000000000000000000e+00
2.389999999999999902e-01 0.000000000000000000e+00
2.399999999999999911e-01 0.000000000000000000e+00
2.409999999999999920e-01 0.000000000000000000e+00
2.419999999999999929e-01 0.000000000000000000e+00
2.429999999999999938e-01 0.000000000000000000e+00
2.439999999999999947e-01 0.000000000000000000e+00
2.449999999999999956e-01 0.000000000000000000e+00
2.459999999999999964e-01 0.000000000000000000e+00
2.469999999999999973e-01 0.000000000000000000e+00
2.479999999999999982e-01 0.000000000000000000e+00
2.489999999999999991e-01 0.000000000000000000e+00
2.500000000000000000e-01 0.000000000000000000e+00
2.510000000000000009e-01 0.000000000000000000e+00
2.520000000000000018e-01 0.000000000000000000e+00
2.530000000000000027e-01 0.000000000000000000e+00
2.540000000000000036e-01 0.000000000000000000e+00
2.550000000000000044e-01 0.000000000000000000e+00
2.560000000000000053e-01 0.000000000000000000e+00
2.570000000000000062e-01 0.000000000000000000e+00
2.580000000000000071e-01 0.000000000000000000e+00
2.590000000000000080e-01 0.000000000000000000e+00
2.600000000000000089e-01 0.000000000000000000e+00
2.610000000000000098e-01 0.000000000000000000e+00
2.620000000000000107e-01 0.000000000000000000e+00
2.630000000000000115e-01 0.000000000000000000e+00
2.640000000000000124e-01 0.000000000000000000e+00
2.650000000000000133e-01 0.000000000000000000e+00
2.660000000000000142e-01 0.000000000000000000e+00
2.670000000000000151e-01 0.000000000000000000e+00
2.680000000000000160e-01 0.000000000000000000e+00
2.690000000000000169e-01 0.000000000000000000e+00
2.700000000000000178e-01 0.000000000000000000e+00
2.710000000000000187e-01 0.000000000000000000e+00
2.720000000000000195e-01 0.000000000000000000e+00
2.730000000000000204e-01 0.000000000000000000e+00
2.740000000000000213e-01 0.000000000000000000e+00
2.750000000000000222e-01 0.000000000000000000e+00
2.760000000000000231e-01 0.000000000000000000e+00
2.770000000000000240e-01 0.000000000000000000e+00
2.780000000000000249e-01 0.000000000000000000e+00
2.790000000000000258e-01 0.000000000000000000e+00
2.800000000000000266e-01 0.000000000000000000e+00
2.810000000000000275e-01 0.000000000000000000e+00
2.819999999999999729e-01 0.000000000000000000e+00
2.829999999999999738e-01 0.000000000000000000e+00
2.839999999999999747e-01 0.000000000000000000e+00
2.849999999999999756e-01 0.000000000000000000e+00
2.859999999999999765e-01 0.000000000000000000e+00
2.869999999999999774e-01 0.000000000000000000e+00
2.879999999999999782e-01 0.000000000000000000e+00
2.889999999999999791e-01 0.000000000000000000e+00
2.899999999999999800e-01 0.000000000000000000e+00
2.909999999999999809e-01 0.000000000000000000e+00
2.919999999999999818e-01 0.000000000000000000e+00
2.929999999999999827e-01 0.000000000000000000e+00
2.939999999999999836e-01 0.000000000000000000e+00
2.949999999999999845e-01 0.000000000000000000e+00
2.959999999999999853e-01 0.000000000000000000e+00
2.969999999999999862e-01 0.000000000000000000e+00
2.979999999999999871e-01 0.000000000000000000e+00
2.989999999999999880e-01 0.000000000000000000e+00
2.999999999999999889e-01 0.000000000000000000e+00
3.009999999999999898e-01 0.000000000000000000e+00
3.019999999999999907e-01 0.000000000000000000e+00
3.029999999999999916e-01 0.000000000000000000e+00
3.039999999999999925e-01 0.000000000000000000e+00
3.049999999999999933e-01 0.000000000000000000e+00
3.059999999999999942e-01 0.000000000000000000e+00
3.069999999999999951e-01 0.000000000000000000e+00
3.079999999999999960e-01 0.000000000000000000e+00
3.089999999999999969e-01 0.000000000000000000e+00
3.099999999999999978e-01 0.000000000000000000e+00
3.109999999999999987e-01 0.000000000000000000e+00
3.119999999999999996e-01 0.000000000000000000e+00
3.130000000000000004e-01 0.000000000000000000e+00
3.140000000000000013e-01 0.000000000000000000e+00
3.150000000000000022e-01 0.000000000000000000e+00
3.160000000000000031e-01 0.000000000000000000e+00
3.170000000000000040e-01 0.000000000000000000e+00
3.180000000000000049e-01 0.000000000000000000e+00
3.190000000000000058e-01 0.000000000000000000e+00
3.200000000000000067e-01 0.000000000000000000e+00
3.210000000000000075e-01 0.000000000000000000e+00
3.220000000000000084e-01 0.000000000000000000e+00
3.230000000000000093e-01 0.000000000000000000e+00
3.240000000000000102e-01 0.000000000000000000e+00
3.250000000000000111e-01 0.000000000000000000e+00
3.260000000000000120e-01 0.000000000000000000e+00
3.270000000000000129e-01 0.000000000000000000e+00
3.280000000000000138e-01 0.000000000000000000e+00
3.290000000000000147e-01 0.000000000000000000e+00
3.300000000000000155e-01 0.000000000000000000e+00
3.310000000000000164e-01 0.000000000000000000e+00
3.320000000000000173e-01 0.000000000000000000e+00
3.330000000000000182e-01 0.000000000000000000e+00
3.340000000000000191e-01 0.000000000000000000e+00
3.350000000000000200e-01 0.000000000000000000e+00
3.360000000000000209e-01 0.000000000000000000e+00
3.370000000000000218e-01 0.000000000000000000e+00
3.380000000000000226e-01 0.000000000000000000e+00
3.390000000000000235e-01 0.000000000000000000e+00
3.400000000000000244e-01 0.000000000000000000e+00
3.410000000000000253e-01 0.000000000000000000e+00
3.420000000000000262e-01 0.000000000000000000e+00
3.430000000000000271e-01 0.000000000000000000e+00
3.439999999999999725e-01 0.000000000000000000e+00
3.449999999999999734e-01 0.000000000000000000e+00
3.459999999999999742e-01 0.000000000000000000e+00
3.469999999999999751e-01 0.000000000000000000e+00
3.479999999999999760e-01 0.000000000000000000e+00
3.489999999999999769e-01 0.000000000000000000e+00
3.499999999999999778e-01 0.000000000000000000e+00
3.509999999999999787e-01 0.000000000000000000e+00
3.519999999999999796e-01 0.000000000000000000e+00
3.529999999999999805e-01 0.000000000000000000e+00
3.539999999999999813e-01 0.000000000000000000e+00
3.549999999999999822e-01 0.000000000000000000e+00
3.559999999999999831e-01 0.000000000000000000e+00
3.569999999999999840e-01 0.000000000000000000e+00
3.579999999999999849e-01 0.000000000000000000e+00
3.589999999999999858e-01 0.000000000000000000e+00
3.599999999999999867e-01 0.000000000000000000e+00
3.609999999999999876e-01 0.000000000000000000e+00
3.619999999999999885e-01 0.000000000000000000e+00
3.629999999999999893e-01 0.000000000000000000e+00
3.639999999999999902e-01 0.000000000000000000e+00
3.649999999999999911e-01 0.000000000000000000e+00
3.659999999999999920e-01 0.000000000000000000e+00
3.669999999999999929e-01 0.000000000000000000e+00
3.679999999999999938e-01 0.000000000000000000e+00
3.689999999999999947e-01 0.000000000000000000e+00
3.699999999999999956e-01 0.000000000000000000e+00
3.709999999999999964e-01 0.000000000000000000e+00
3.719999999999999973e-01 0.000000000000000000e+00
3.729999999999999982e-01 0.000000000000000000e+00
3.739999999999999991e-01 0.000000000000000000e+00
3.750000000000000000e-01 0.000000000000000000e+00
3.760000000000000009e-01 0.000000000000000000e+00
3.770000000000000018e-01 0.000000000000000000e+00
3.780000000000000027e-01 0.000000000000000000e+00
3.790000000000000036e-01 0.000000000000000000e+00
3.800000000000000044e-01 0.000000000000000000e+00
3.810000000000000053e-01 0.000000000000000000e+00
3.820000000000000062e-01 0.000000000000000000e+00
3.830000000000000071e-01 0.000000000000000000e+00
3.840000000000000080e-01 0.000000000000000000e+00
3.850000000000000089e-01 0.000000000000000000e+00
3.860000000000000098e-01 0.000000000000000000e+00
3.870000000000000107e-01 0.000000000000000000e+00
3.880000000000000115e-01 0.000000000000000000e+00
3.890000000000000124e-01 0.000000000000000000e+00
3.900000000000000133e-01 0.000000000000000000e+00
3.910000000000000142e-01 0.000000000000000000e+00
3.920000000000000151e-01 0.000000000000000000e+00
3.930000000000000160e-01 0.000000000000000000e+00
3.940000000000000169e-01 0.000000000000000000e+00
3.950000000000000178e-01 0.000000000000000000e+00
3.960000000000000187e-01 0.000000000000000000e+00
3.970000000000000195e-01 0.000000000000000000e+00
3.980000000000000204e-01 0.000000000000000000e+00
3.990000000000000213e-01 0.000000000000000000e+00
3.997999999999999887e-01 0.000000000000000000e+00
3.998999999999999777e-01 0.000000000000000000e+00
4.000000000000000222e-01 0.000000000000000000e+00
4.010000000000000231e-01 0.000000000000000000e+00
4.020000000000000240e-01 0.000000000000000000e+00
4.030000000000000249e-01 0.000000000000000000e+00
4.040000000000000258e-01 0.000000000000000000e+00
4.050000000000000266e-01 0.000000000000000000e+00
4.060000000000000275e-01 0.000000000000000000e+00
4.069999999999999729e-01 0.000000000000000000e+00
4.079999999999999738e-01 0.000000000000000000e+00
4.089999999999999747e-01 0.000000000000000000e+00
4.099999999999999756e-01 0.000000000000000000e+00
4.109999999999999765e-01 0.000000000000000000e+00
4.119999999999999774e-01 0.000000000000000000e+00
4.129999999999999782e-01 0.000000000000000000e+00
4.139999999999999791e-01 0.000000000000000000e+00
4.149999999999999800e-01 0.000000000000000000e+00
4.159999999999999809e-01 0.000000000000000000e+00
4.169999999999999818e-01 0.000000000000000000e+00
4.179999999999999827e-01 0.000000000000000000e+00
4.189999999999999836e-01 0.000000000000000000e+00
4.199999999999999845e-01 0.000000000000000000e+00
4.209999999999999853e-01 0.000000000000000000e+00
4.219999999999999862e-01 0.000000000000000000e+00
4.229999999999999871e-01 0.000000000000000000e+00
4.239999999999999880e-01 0.000000000000000000e+00
4.249999999999999889e-01 0.000000000000000000e+00
4.259999999999999898e-01 0.000000000000000000e+00
4.269999999999999907e-01 0.000000000000000000e+00
4.279999999999999916e-01 0.000000000000000000e+00
4.289999999999999925e-01 0.000000000000000000e+00
4.299999999999999933e-01 0.000000000000000000e+00
4.309999999999999942e-01 0.000000000000000000e+00
4.319999999999999951e-01 0.000000000000000000e+00
4.329999999999999960e-01 0.000000000000000000e+00
4.339999999999999969e-01 0.000000000000000000e+00
4.349999999999999978e-01 0.000000000000000000e+00
4.359999999999999987e-01 0.000000000000000000e+00
4.369999999999999996e-01 0.000000000000000000e+00
4.380000000000000004e-01 0.000000000000000000e+00
4.390000000000000013e-01 0.000000000000000000e+00
4.400000000000000022e-01 0.000000000000000000e+00
4.410000000000000031e-01 0.000000000000000000e+00
4.420000000000000040e-01 0.000000000000000000e+00
4.430000000000000049e-01 0.000000000000000000e+00
4.440000000000000058e-01 0.000000000000000000e+00
4.450000000000000067e-01 0.000000000000000000e+00
4.460000000000000075e-01 0.000000000000000000e+00
4.470000000000000084e-01 0.000000000000000000e+00
4.480000000000000093e-01 0.000000000000000000e+00
4.490000000000000102e-01 0.000000000000000000e+00
4.500000000000000111e-01 0.000000000000000000e+00
4.510000000000000120e-01 0.000000000000000000e+00
4.520000000000000129e-01 0.000000000000000000e+00
4.530000000000000138e-01 0.000000000000000000e+00
4.540000000000000147e-01 0.000000000000000000e+00
4.550000000000000155e-01 0.000000000000000000e+00
4.560000000000000164e-01 0.000000000000000000e+00
4.570000000000000173e-01 0.000000000000000000e+00
4.580000000000000182e-01 0.000000000000000000e+00
4.590000000000000191e-01 0.000000000000000000e+00
4.600000000000000200e-01 0.000000000000000000e+00
4.610000000000000209e-01 0.000000000000000000e+00
4.620000000000000218e-01 0.000000000000000000e+00
4.630000000000000226e-01 0.000000000000000000e+00
4.640000000000000235e-01 0.000000000000000000e+00
4.650000000000000244e-01 0.000000000000000000e+00
4.660000000000000253e-01 0.000000000000000000e+00
4.670000000000000262e-01 0.000000000000000000e+00
4.680000000000000271e-01 0.000000000000000000e+00
4.689999999999999725e-01 0.000000000000000000e+00
4.699999999999999734e-01 0.000000000000000000e+00
4.709999999999999742e-01 0.000000000000000000e+00
4.719999999999999751e-01 0.000000000000000000e+00
4.729999999999999760e-01 0.000000000000000000e+00
4.739999999999999769e-01 0.000000000000000000e+00
4.749999999999999778e-01 0.000000000000000000e+00
4.759999999999999787e-01 0.000000000000000000e+00
4.769999999999999796e-01 0.000000000000000000e+00
4.779999999999999805e-01 0.000000000000000000e+00
4.789999999999999813e-01 0.000000000000000000e+00
4.799999999999999822e-01 0.000000000000000000e+00
4.809999999999999831e-01 0.000000000000000000e+00
4.819999999999999840e-01 0.000000000000000000e+00
4.829999999999999849e-01 0.000000000000000000e+00
4.839999999999999858e-01 0.000000000000000000e+00
4.849999999999999867e-01 0.000000000000000000e+00
4.859999999999999876e-01 0.000000000000000000e+00
4.869999999999999885e-01 0.000000000000000000e+00
4.879999999999999893e-01 0.000000000000000000e+00
4.889999999999999902e-01 0.000000000000000000e+00
4.899999999999999911e-01 0.000000000000000000e+00
4.909999999999999920e-01 0.000000000000000000e+00
4.919999999999999929e-01 0.000000000000000000e+00
4.929999999999999938e-01 0.000000000000000000e+00
4.939999999999999947e-01 0.000000000000000000e+00
4.949999999999999956e-01 0.000000000000000000e+00
4.959999999999999964e-01 0.000000000000000000e+00
4.969999999999999973e-01 0.000000000000000000e+00
4.979999999999999982e-01 0.000000000000000000e+00
4.989999999999999991e-01 0.000000000000000000e+00
5.000000000000000000e-01 0.000000000000000000e+00
5.010000000000000009e-01 0.000000000000000000e+00
5.020000000000000018e-01 0.000000000000000000e+00
5.030000000000000027e-01 0.000000000000000000e+00
5.040000000000000036e-01 0.000000000000000000e+00
5.050000000000000044e-01 0.000000000000000000e+00
5.060000000000000053e-01 0.000000000000000000e+00
5.070000000000000062e-01 0.000000000000000000e+00
5.080000000000000071e-01 0.000000000000000000e+00
5.090000000000000080e-01 0.000000000000000000e+00
5.100000000000000089e-01 0.000000000000000000e+00
5.110000000000000098e-01 0.000000000000000000e+00
5.120000000000000107e-01 0.000000000000000000e+00
5.130000000000000115e-01 0.000000000000000000e+00
5.140000000000000124e-01 0.000000000000000000e+00
5.150000000000000133e-01 0.000000000000000000e+00
5.160000000000000142e-01 0.000000000000000000e+00
5.170000000000000151e-01 0.000000000000000000e+00
5.180000000000000160e-01 0.000000000000000000e+00
5.190000000000000169e-01 0.000000000000000000e+00
5.200000000000000178e-01 0.000000000000000000e+00
5.210000000000000187e-01 0.000000000000000000e+00
5.220000000000000195e-01 0.000000000000000000e+00
5.230000000000000204e-01 0.000000000000000000e+00
5.240000000000000213e-01 0.000000000000000000e+00
5.250000000000000222e-01 0.000000000000000000e+00
5.260000000000000231e-01 0.000000000000000000e+00
5.270000000000000240e-01 0.000000000000000000e+00
5.280000000000000249e-01 0.000000000000000000e+00
5.290000000000000258e-01 0.000000000000000000e+00
5.300000000000000266e-01 0.000000000000000000e+00
5.310000000000000275e-01 0.000000000000000000e+00
5.320000000000000284e-01 0.000000000000000000e+00
5.330000000000000293e-01 0.000000000000000000e+00
5.340000000000000302e-01 0.000000000000000000e+00
5.350000000000000311e-01 0.000000000000000000e+00
5.360000000000000320e-01 0.000000000000000000e+00
5.370000000000000329e-01 0.000000000000000000e+00
5.380000000000000338e-01 0.000000000000000000e+00
5.390000000000000346e-01 0.000000000000000000e+00
5.400000000000000355e-01 0.000000000000000000e+00
5.410000000000000364e-01 0.000000000000000000e+00
5.420000000000000373e-01 0.000000000000000000e+00
5.430000000000000382e-01 0.000000000000000000e+00
5.440000000000000391e-01 0.000000000000000000e+00
5.450000000000000400e-01 0.000000000000000000e+00
5.460000000000000409e-01 0.000000000000000000e+00
5.470000000000000417e-01 0.000000000000000000e+00
5.480000000000000426e-01 0.000000000000000000e+00
5.490000000000000435e-01 0.000000000000000000e+00
5.500000000000000444e-01 0.000000000000000000e+00
5.510000000000000453e-01 0.000000000000000000e+00
5.520000000000000462e-01 0.000000000000000000e+00
5.530000000000000471e-01 0.000000000000000000e+00
5.540000000000000480e-01 0.000000000000000000e+00
5.550000000000000488e-01 0.000000000000000000e+00
5.560000000000000497e-01 0.000000000000000000e+00
5.570000000000000506e-01 0.000000000000000000e+00
5.580000000000000515e-01 0.000000000000000000e+00
5.590000000000000524e-01 0.000000000000000000e+00
5.600000000000000533e-01 0.000000000000000000e+00
5.610000000000000542e-01 0.000000000000000000e+00
5.620000000000000551e-01 0.000000000000000000e+00
5.629999999999999449e-01 0.000000000000000000e+00
5.639999999999999458e-01 0.000000000000000000e+00
5.649999999999999467e-01 0.000000000000000000e+00
5.659999999999999476e-01 0.000000000000000000e+00
5.669999999999999485e-01 0.000000000000000000e+00
5.679999999999999494e-01 0.000000000000000000e+00
5.689999999999999503e-01 0.000000000000000000e+00
5.699999999999999512e-01 0.000000000000000000e+00
5.709999999999999520e-01 0.000000000000000000e+00
5.719999999999999529e-01 0.000000000000000000e+00
5.729999999999999538e-01 0.000000000000000000e+00
5.739999999999999547e-01 0.000000000000000000e+00
5.749999999999999556e-01 0.000000000000000000e+00
5.759999999999999565e-01 0.000000000000000000e+00
5.769999999999999574e-01 0.000000000000000000e+00
5.779999999999999583e-01 0.000000000000000000e+00
5.789999999999999591e-01 0.000000000000000000e+00
5.799999999999999600e-01 0.000000000000000000e+00
5.809999999999999609e-01 0.000000000000000000e+00
5.819999999999999618e-01 0.000000000000000000e+00
5.829999999999999627e-01 0.000000000000000000e+00
5.839999999999999636e-01 0.000000000000000000e+00
5.849999999999999645e-01 0.000000000000000000e+00
5.859999999999999654e-01 0.000000000000000000e+00
5.869999999999999662e-01 0.000000000000000000e+00
5.879999999999999671e-01 0.000000000000000000e+00
5.889999999999999680e-01 0.000000000000000000e+00
5.899999999999999689e-01 0.000000000000000000e+00
5.909999999999999698e-01 0.000000000000000000e+00
5.919999999999999707e-01 0.000000000000000000e+00
5.929999999999999716e-01 0.000000000000000000e+00
5.939999999999999725e-01 0.000000000000000000e+00
5.949999999999999734e-01 0.000000000000000000e+00
5.959999999999999742e-01 0.000000000000000000e+00
5.969999999999999751e-01 0.000000000000000000e+00
5.979999999999999760e-01 0.000000000000000000e+00
5.989999999999999769e-01 0.000000000000000000e+00
5.999999999999999778e-01 0.000000000000000000e+00
6.009999999999999787e-01 0.000000000000000000e+00
6.019999999999999796e-01 0.000000000000000000e+00
6.029999999999999805e-01 0.000000000000000000e+00
6.039999999999999813e-01 0.000000000000000000e+00
6.049999999999999822e-01 0.000000000000000000e+00
6.059999999999999831e-01 0.000000000000000000e+00
6.069999999999999840e-01 0.000000000000000000e+00
6.079999999999999849e-01 0.000000000000000000e+00
6.089999999999999858e-01 0.000000000000000000e+00
6.099999999999999867e-01 0.000000000000000000e+00
6.109999999999999876e-01 0.000000000000000000e+00
6.119999999999999885e-01 0.000000000000000000e+00
6.129999999999999893e-01 0.000000000000000000e+00
6.139999999999999902e-01 0.000000000000000000e+00
6.149999999999999911e-01 0.000000000000000000e+00
6.159999999999999920e-01 0.000000000000000000e+00
6.169999999999999929e-01 0.000000000000000000e+00
6.179999999999999938e-01 0.000000000000000000e+00
6.189999999999999947e-01 0.000000000000000000e+00
6.199999999999999956e-01 0.000000000000000000e+00
6.209999999999999964e-01 0.000000000000000000e+00
6.219999999999999973e-01 0.000000000000000000e+00
6.229999999999999982e-01 0.000000000000000000e+00
6.239999999999999991e-01 0.000000000000000000e+00
6.250000000000000000e-01 0.000000000000000000e+00
6.260000000000000009e-01 0.000000000000000000e+00
6.270000000000000018e-01 0.000000000000000000e+00
6.280000000000000027e-01 0.000000000000000000e+00
6.290000000000000036e-01 0.000000000000000000e+00
6.300000000000000044e-01 0.000000000000000000e+00
6.310000000000000053e-01 0.000000000000000000e+00
6.320000000000000062e-01 0.000000000000000000e+00
6.330000000000000071e-01 0.000000000000000000e+00
6.340000000000000080e-01 0.000000000000000000e+00
6.350000000000000089e-01 0.000000000000000000e+00
6.360000000000000098e-01 0.000000000000000000e+00
6.370000000000000107e-01 0.000000000000000000e+00
6.380000000000000115e-01 0.000000000000000000e+00
6.390000000000000124e-01 0.000000000000000000e+00
6.400000000000000133e-01 0.000000000000000000e+00
6.410000000000000142e-01 0.000000000000000000e+00
6.420000000000000151e-01 0.000000000000000000e+00
6.430000000000000160e-01 0.000000000000000000e+00
6.440000000000000169e-01 0.000000000000000000e+00
6.450000000000000178e-01 0.000000000000000000e+00
6.460000000000000187e-01 0.000000000000000000e+00
6.470000000000000195e-01 0.000000000000000000e+00
6.480000000000000204e-01 0.000000000000000000e+00
6.490000000000000213e-01 0.000000000000000000e+00
6.500000000000000222e-01 0.000000000000000000e+00
6.510000000000000231e-01 0.000000000000000000e+00
6.520000000000000240e-01 0.000000000000000000e+00
6.530000000000000249e-01 0.000000000000000000e+00
6.540000000000000258e-01 0.000000000000000000e+00
6.550000000000000266e-01 0.000000000000000000e+00
6.560000000000000275e-01 0.000000000000000000e+00
6.570000000000000284e-01 0.000000000000000000e+00
6.580000000000000293e-01 0.000000000000000000e+00
6.590000000000000302e-01 0.000000000000000000e+00
6.600000000000000311e-01 0.000000000000000000e+00
6.610000000000000320e-01 0.000000000000000000e+00
6.620000000000000329e-01 0.000000000000000000e+00
6.630000000000000338e-01 0.000000000000000000e+00
6.640000000000000346e-01 0.000000000000000000e+00
6.650000000000000355e-01 0.000000000000000000e+00
6.660000000000000364e-01 0.000000000000000000e+00
6.670000000000000373e-01 0.000000000000000000e+00
6.680000000000000382e-01 0.000000000000000000e+00
6.690000000000000391e-01 0.000000000000000000e+00
6.700000000000000400e-01 0.000000000000000000e+00
6.710000000000000409e-01 0.000000000000000000e+00
6.720000000000000417e-01 0.000000000000000000e+00
6.730000000000000426e-01 0.000000000000000000e+00
6.740000000000000435e-01 0.000000000000000000e+00
6.750000000000000444e-01 0.000000000000000000e+00
6.760000000000000453e-01 0.000000000000000000e+00
6.770000000000000462e-01 0.000000000000000000e+00
6.780000000000000471e-01 0.000000000000000000e+00
6.790000000000000480e-01 0.000000000000000000e+00
6.800000000000000488e-01 0.000000000000000000e+00
6.810000000000000497e-01 0.000000000000000000e+00
6.820000000000000506e-01 0.000000000000000000e+00
6.830000000000000515e-01 0.000000000000000000e+00
6.840000000000000524e-01 0.000000000000000000e+00
6.850000000000000533e-01 0.000000000000000000e+00
6.860000000000000542e-01 0.000000000000000000e+00
6.870000000000000551e-01 0.000000000000000000e+00
6.879999999999999449e-01 0.000000000000000000e+00
6.889999999999999458e-01 0.000000000000000000e+00
6.899999999999999467e-01 0.000000000000000000e+00
6.909999999999999476e-01 0.000000000000000000e+00
6.919999999999999485e-01 0.000000000000000000e+00
6.929999999999999494e-01 0.000000000000000000e+00
6.939999999999999503e-01 0.000000000000000000e+00
6.949999999999999512e-01 0.000000000000000000e+00
6.959999999999999520e-01 0.000000000000000000e+00
6.969999999999999529e-01 0.000000000000000000e+00
6.979999999999999538e-01 0.000000000000000000e+00
6.989999999999999547e-01 0.000000000000000000e+00
6.999999999999999556e-01 0.000000000000000000e+00
7.009999999999999565e-01 0.000000000000000000e+00
7.019999999999999574e-01 0.000000000000000000e+00
7.029999999999999583e-01 0.000000000000000000e+00
7.039999999999999591e-01 0.000000000000000000e+00
7.049999999999999600e-01 0.000000000000000000e+00
7.059999999999999609e-01 0.000000000000000000e+00
7.069999999999999618e-01 0.000000000000000000e+00
7.079999999999999627e-01 0.000000000000000000e+00
7.089999999999999636e-01 0.000000000000000000e+00
7.099999999999999645e-01 0.000000000000000000e+00
7.109999999999999654e-01 0.000000000000000000e+00
7.119999999999999662e-01 0.000000000000000000e+00
7.129999999999999671e-01 0.000000000000000000e+00
7.139999999999999680e-01 0.000000000000000000e+00
7.149999999999999689e-01 0.000000000000000000e+00
7.159999999999999698e-01 0.000000000000000000e+00
7.169999999999999707e-01 0.000000000000000000e+00
7.179999999999999716e-01 0.000000000000000000e+00
7.189999999999999725e-01 0.000000000000000000e+00
7.199999999999999734e-01 0.000000000000000000e+00
7.209999999999999742e-01 0.000000000000000000e+00
7.219999999999999751e-01 0.000000000000000000e+00
7.229999999999999760e-01 0.000000000000000000e+00
7.239999999999999769e-01 0.000000000000000000e+00
7.249999999999999778e-01 0.000000000000000000e+00
7.259999999999999787e-01 0.000000000000000000e+00
7.269999999999999796e-01 0.000000000000000000e+00
7.279999999999999805e-01 0.000000000000000000e+00
7.289999999999999813e-01 0.000000000000000000e+00
7.299999999999999822e-01 0.000000000000000000e+00
7.309999999999999831e-01 0.000000000000000000e+00
7.319999999999999840e-01 0.000000000000000000e+00
7.329999999999999849e-01 0.000000000000000000e+00
7.339999999999999858e-01 0.000000000000000000e+00
7.349999999999999867e-01 0.000000000000000000e+00
7.359999999999999876e-01 0.000000000000000000e+00
7.369999999999999885e-01 0.000000000000000000e+00
7.379999999999999893e-01 0.000000000000000000e+00
7.389999999999999902e-01 0.000000000000000000e+00
7.399999999999999911e-01 0.000000000000000000e+00
7.409999999999999920e-01 0.000000000000000000e+00
7.419999999999999929e-01 0.000000000000000000e+00
7.429999999999999938e-01 0.000000000000000000e+00
7.439999999999999947e-01 0.000000000000000000e+00
7.449999999999999956e-01 0.000000000000000000e+00
7.459999999999999964e-01 0.000000000000000000e+00
7.469999999999999973e-01 0.000000000000000000e+00
7.479999999999999982e-01 0.000000000000000000e+00
7.489999999999999991e-01 0.000000000000000000e+00
7.500000000000000000e-01 0.000000000000000000e+00
7.510000000000000009e-01 0.000000000000000000e+00
7.520000000000000018e-01 0.000000000000000000e+00
7.530000000000000027e-01 0.000000000000000000e+00
7.540000000000000036e-01 0.000000000000000000e+00
7.550000000000000044e-01 0.000000000000000000e+00
7.550078613281250295e-01 0.000000000000000000e+00
7.551078613281250185e-01 0.000000000000000000e+00
7.552078613281250075e-01 0.000000000000000000e+00
7.560000000000000053e-01 0.000000000000000000e+00
7.570000000000000062e-01 0.000000000000000000e+00
7.580000000000000071e-01 0.000000000000000000e+00
7.590000000000000080e-01 0.000000000000000000e+00
7.600000000000000089e-01 0.000000000000000000e+00
7.602092285156250018e-01 0.000000000000000000e+00
7.610000000000000098e-01 0.000000000000000000e+00
7.620000000000000107e-01 0.000000000000000000e+00
7.630000000000000115e-01 0.000000000000000000e+00
7.640000000000000124e-01 0.000000000000000000e+00
7.650000000000000133e-01 0.000000000000000000e+00
7.652105957031249961e-01 0.000000000000000000e+00
7.660000000000000142e-01 0.000000000000000000e+00
7.670000000000000151e-01 0.000000000000000000e+00
7.680000000000000160e-01 0.000000000000000000e+00
7.690000000000000169e-01 0.000000000000000000e+00
7.700000000000000178e-01 0.000000000000000000e+00
7.702119140625000027e-01 0.000000000000000000e+00
7.710000000000000187e-01 0.000000000000000000e+00
7.720000000000000195e-01 0.000000000000000000e+00
7.730000000000000204e-01 0.000000000000000000e+00
7.740000000000000213e-01 0.000000000000000000e+00
7.750000000000000222e-01 0.000000000000000000e+00
7.752132812499999970e-01 0.000000000000000000e+00
7.760000000000000231e-01 0.000000000000000000e+00
7.770000000000000240e-01 0.000000000000000000e+00
7.780000000000000249e-01 0.000000000000000000e+00
7.790000000000000258e-01 0.000000000000000000e+00
7.800000000000000266e-01 0.000000000000000000e+00
7.802145996093750036e-01 0.000000000000000000e+00
7.810000000000000275e-01 0.000000000000000000e+00
7.820000000000000284e-01 0.000000000000000000e+00
7.830000000000000293e-01 0.000000000000000000e+00
7.840000000000000302e-01 0.000000000000000000e+00
7.850000000000000311e-01 0.000000000000000000e+00
7.860000000000000320e-01 0.000000000000000000e+00
7.870000000000000329e-01 0.000000000000000000e+00
7.880000000000000338e-01 0.000000000000000000e+00
7.890000000000000346e-01 0.000000000000000000e+00
7.900000000000000355e-01 0.000000000000000000e+00
7.910000000000000364e-01 0.000000000000000000e+00
7.920000000000000373e-01 0.000000000000000000e+00
7.930000000000000382e-01 0.000000000000000000e+00
7.940000000000000391e-01 0.000000000000000000e+00
7.950000000000000400e-01 0.000000000000000000e+00
7.952186523437499988e-01 0.000000000000000000e+00
7.960000000000000409e-01 0.000000000000000000e+00
7.970000000000000417e-01 0.000000000000000000e+00
7.980000000000000426e-01 0.000000000000000000e+00
7.990000000000000435e-01 0.000000000000000000e+00
7.997999999999999554e-01 0.000000000000000000e+00
7.999000000000000554e-01 0.000000000000000000e+00
8.000000000000000444e-01 3.142739840756841315e-05
8.010000000000000453e-01 3.149024062780076435e-05
8.020000000000000462e-01 3.155714972211917283e-05
8.030000000000000471e-01 3.162627706049870772e-05
8.040000000000000480e-01 3.169204673940606104e-05
8.050000000000000488e-01 3.175840067247004547e-05
8.060000000000000497e-01 3.182497309643737143e-05
8.070000000000000506e-01 3.189166022416460865e-05
8.080000000000000515e-01 3.195851832062449987e-05
8.090000000000000524e-01 3.202554784602061632e-05
8.100000000000000533e-01 3.209263662077086040e-05
8.110000000000000542e-01 3.215989469101985328e-05
8.120000000000000551e-01 3.222721739510633318e-05
8.129999999999999449e-01 3.229470990591596616e-05
8.139999999999999458e-01 3.236231859571741398e-05
8.149999999999999467e-01 3.242998677818336616e-05
8.159999999999999476e-01 3.249783084782963377e-05
8.169999999999999485e-01 3.256578889175079774e-05
8.179999999999999494e-01 3.263380925165761923e-05
8.189999999999999503e-01 3.276581111570371873e-05
8.199999999999999512e-01 3.289819165555588938e-05
8.209999999999999520e-01 3.302435472600930255e-05
8.219999999999999529e-01 3.315090791556596340e-05
8.229999999999999538e-01 3.327780713716283113e-05
8.239999999999999547e-01 3.338134072200662312e-05
8.249999999999999556e-01 3.348508367288875596e-05
8.252267578124999892e-01 3.350863047701147814e-05
8.259999999999999565e-01 3.359158836551519382e-05
8.269999999999999574e-01 3.369897927508395101e-05
8.279999999999999583e-01 3.380661391999777962e-05
8.289999999999999591e-01 3.391441813319629448e-05
8.299999999999999600e-01 3.402235074800482575e-05
8.302281249999999835e-01 3.404701167604921419e-05
8.309999999999999609e-01 3.413034949184464437e-05
8.319999999999999618e-01 3.423846982966963524e-05
8.329999999999999627e-01 3.434671149281412733e-05
8.339999999999999636e-01 3.445519658843491749e-05
8.349999999999999645e-01 3.456379461855051203e-05
8.359999999999999654e-01 3.467263643256071452e-05
8.369999999999999662e-01 3.470803777048506357e-05
8.379999999999999671e-01 3.474337491593059259e-05
8.389999999999999680e-01 3.477876840275960491e-05
8.399999999999999689e-01 3.481415519341871963e-05
8.409999999999999698e-01 3.484272233283324606e-05
8.419999999999999707e-01 3.487123634588809031e-05
8.429999999999999716e-01 3.489981857775147994e-05
8.439999999999999725e-01 3.492840835361996982e-05
8.449999999999999734e-01 3.495700035661509846e-05
8.452322265624999664e-01 3.496365547285583338e-05
8.459999999999999742e-01 3.677027247716178004e-05
8.469999999999999751e-01 3.912640761791768852e-05
8.479999999999999760e-01 4.148614820177913879e-05
8.489999999999999769e-01 4.384995296728593422e-05
8.499999999999999778e-01 4.621849995820636242e-05
8.509999999999999787e-01 4.862134851943592060e-05
8.519999999999999796e-01 5.103208791335313332e-05
8.529999999999999805e-01 5.345012112576874884e-05
8.539999999999999813e-01 5.587516279012082996e-05
8.549999999999999822e-01 5.824100510494324245e-05
8.559999999999999831e-01 6.060823499584089470e-05
8.569999999999999840e-01 6.297665691608319097e-05
8.579999999999999849e-01 6.534644061528790189e-05
8.589999999999999858e-01 6.771746355596018055e-05
8.599999999999999867e-01 7.008958907910804292e-05
8.602362304687499739e-01 7.064747089987669895e-05
8.609999999999999876e-01 7.582790500745564485e-05
8.619999999999999885e-01 8.261200880951391056e-05
8.629999999999999893e-01 8.939765170770537755e-05
8.639999999999999902e-01 9.633293253213176738e-05
8.649999999999999911e-01 1.032905580619597843e-04
8.659999999999999920e-01 1.102702683983415561e-04
8.669999999999999929e-01 1.172723410032475963e-04
8.679999999999999938e-01 1.242965816417712633e-04
8.689999999999999947e-01 1.313428935876101607e-04
8.699999999999999956e-01 1.384112989762395312e-04
8.709999999999999964e-01 1.455014087192904018e-04
8.719999999999999973e-01 1.526136704770168805e-04
8.729999999999999982e-01 1.605006787594168074e-04
8.739999999999999991e-01 1.684791625033910849e-04
8.750000000000000000e-01 1.765496790572465969e-04
8.760000000000000009e-01 1.847127325301018330e-04
8.770000000000000018e-01 1.929685779732277220e-04
8.780000000000000027e-01 2.013183837127373104e-04
8.790000000000000036e-01 2.097623963957708643e-04
8.800000000000000044e-01 2.183011198303700556e-04
8.810000000000000053e-01 2.266192004423086995e-04
8.820000000000000062e-01 2.350093713075625766e-04
8.830000000000000071e-01 2.434727183174720754e-04
8.840000000000000080e-01 2.524340135756531910e-04
8.842427734375000181e-01 2.546249491145902589e-04
8.850000000000000089e-01 3.292009274673441148e-04
8.860000000000000098e-01 4.287913866765614653e-04
8.862432617187500083e-01 4.532088419767506108e-04
8.870000000000000107e-01 5.475678015614660705e-04
8.880000000000000115e-01 6.736440955732444580e-04
8.882438476562499741e-01 7.046279197001941363e-04
8.890000000000000124e-01 8.765309561171553228e-04
8.900000000000000133e-01 1.106390166640551899e-03
8.902443359374999643e-01 1.161872732264114354e-03
8.910000000000000142e-01 1.543012259795068994e-03
8.920000000000000151e-01 2.049526753676717689e-03
8.922449218750000410e-01 2.174394438799614766e-03
8.930000000000000160e-01 2.972586480457211928e-03
8.940000000000000169e-01 4.032345484908757792e-03
8.942454101562500313e-01 4.293195448403485000e-03
8.950000000000000178e-01 5.753391049783668568e-03
8.960000000000000187e-01 7.702986297637850338e-03
8.962459960937499970e-01 8.182839809116212310e-03
8.970000000000000195e-01 1.133361015493386179e-02
8.980000000000000204e-01 1.554286691439239407e-02
8.982464843749999872e-01 1.658120134375228039e-02
8.990000000000000213e-01 2.326989229157607961e-02
9.000000000000000222e-01 3.218408278679540935e-02
9.002470703124999529e-01 3.438043746691626240e-02
9.010000000000000231e-01 4.796921123737080128e-02
9.020000000000000240e-01 6.599258620739044401e-02
9.022476562500000297e-01 7.047152352510256679e-02
9.030000000000000249e-01 9.377329150521133971e-02
9.040000000000000258e-01 1.248008315396029189e-01
9.042481445312500199e-01 1.325100650899722066e-01
9.050000000000000266e-01 1.639145407414613065e-01
9.060000000000000275e-01 2.059302421601616195e-01
9.062487304687499856e-01 2.163607614735119922e-01
9.070000000000000284e-01 2.470277110383553854e-01
9.080000000000000293e-01 2.881641267809157969e-01
9.082492187499999758e-01 2.983788060732684988e-01
9.090000000000000302e-01 3.195009490564812427e-01
9.100000000000000311e-01 3.476901870740700673e-01
9.102498046875000526e-01 3.548158859440588286e-01
9.110000000000000320e-01 3.660389144367413028e-01
9.120000000000000329e-01 3.807352398885304190e-01
9.122502929687500428e-01 3.844996371619229247e-01
9.130000000000000338e-01 3.900644509994402043e-01
9.140000000000000346e-01 3.971834144641565034e-01
9.142508789062500085e-01 3.990563655268862808e-01
9.150000000000000355e-01 4.013319728815178400e-01
9.160000000000000364e-01 4.040447646875433563e-01
9.162513671874999988e-01 4.048134320906086048e-01
9.170000000000000373e-01 4.045576779480547502e-01
9.180000000000000382e-01 4.038792872357087615e-01
9.182519531249999645e-01 4.037938265915139158e-01
9.190000000000000391e-01 4.021194735235456008e-01
9.200000000000000400e-01 3.995411443424129461e-01
9.202524414062499547e-01 3.989058905407514843e-01
9.210000000000000409e-01 3.970693403999914772e-01
9.220000000000000417e-01 3.942791066886720541e-01
9.222530273437500314e-01 3.936568193561277851e-01
9.230000000000000426e-01 3.934456581646226248e-01
9.240000000000000435e-01 3.931792720061289548e-01
9.242535156250000217e-01 3.931955725529701628e-01
9.250000000000000444e-01 3.952886009140604284e-01
9.260000000000000453e-01 3.977698762670887067e-01
9.262541015624999874e-01 3.984866642283887983e-01
9.270000000000000462e-01 4.011669560472889695e-01
9.280000000000000471e-01 4.044343431602864247e-01
9.282546874999999531e-01 4.053548640777109302e-01
9.290000000000000480e-01 4.070488325883890313e-01
9.300000000000000488e-01 4.089865355198591401e-01
9.302551757812500544e-01 4.095697699379971524e-01
9.310000000000000497e-01 4.097551340725051894e-01
9.320000000000000506e-01 4.096599568388870072e-01
9.322557617187500201e-01 4.097236223583918258e-01
9.330000000000000515e-01 4.090739535223807954e-01
9.340000000000000524e-01 4.078532558246452111e-01
9.342562500000000103e-01 4.076277666456522009e-01
9.350000000000000533e-01 4.073730823871656859e-01
9.360000000000000542e-01 4.066850412497861611e-01
9.362568359374999760e-01 4.065960733370000413e-01
9.370000000000000551e-01 4.078860841827480765e-01
9.379999999999999449e-01 4.092806610140858892e-01
9.382573242187499662e-01 4.097289615891580028e-01
9.389999999999999458e-01 4.121089414972186060e-01
9.399999999999999467e-01 4.153245026617562452e-01
9.402579101562500430e-01 4.159644158596344510e-01
9.409999999999999476e-01 4.182116612713362436e-01
9.419999999999999485e-01 4.215970624019872992e-01
9.422583984375000332e-01 4.223810457104010263e-01
9.429999999999999494e-01 4.233006354634299417e-01
9.439999999999999503e-01 4.251357283266447573e-01
9.442589843749999989e-01 4.255185923226810218e-01
9.449999999999999512e-01 4.250856984759074364e-01
9.459999999999999520e-01 4.248575160188843292e-01
9.462594726562499892e-01 4.247976054491613418e-01
9.469999999999999529e-01 4.233367260532543974e-01
9.479999999999999538e-01 4.209994770820846832e-01
9.482600585937499549e-01 4.204827929499802552e-01
9.489999999999999547e-01 4.194670316297903212e-01
9.499999999999999556e-01 4.180872063849545017e-01
9.502606445312500316e-01 4.176169374014217506e-01
9.509999999999999565e-01 4.173296552270350235e-01
9.519999999999999574e-01 4.172908431737583634e-01
9.522611328125000218e-01 4.171878901312744969e-01
9.529999999999999583e-01 4.181594127573169950e-01
9.539999999999999591e-01 4.198288920278772651e-01
9.542617187499999876e-01 4.202658922078135739e-01
9.549999999999999600e-01 4.216645844958261113e-01
9.559999999999999609e-01 4.232020133693796260e-01
9.562622070312499778e-01 4.236990246758768897e-01
9.569999999999999618e-01 4.245718684805304122e-01
9.579999999999999627e-01 4.257540426907309161e-01
9.582627929687500545e-01 4.259695252588618364e-01
9.589999999999999636e-01 4.251381409191489213e-01
9.599999999999999645e-01 4.243649516180124648e-01
9.602632812500000448e-01 4.241191436610196042e-01
9.609999999999999654e-01 4.226527478217569911e-01
9.619999999999999662e-01 4.202966857604668038e-01
9.622638671875000105e-01 4.197678238093817127e-01
9.629999999999999671e-01 4.184226167213025982e-01
9.639999999999999680e-01 4.167541956793842095e-01
9.642643554687500007e-01 4.162172840348415948e-01
9.649999999999999689e-01 4.159820100291397593e-01
9.659999999999999698e-01 4.160120013221331181e-01
9.662649414062499664e-01 4.160185345848999017e-01
9.669999999999999707e-01 4.174655656773821888e-01
9.679999999999999716e-01 4.190776884211243059e-01
9.682655273437500432e-01 4.195996162097385684e-01
9.689999999999999725e-01 4.220771639307335787e-01
9.699999999999999734e-01 4.254542937781178313e-01
9.702660156250000334e-01 4.262564521529095818e-01
9.709999999999999742e-01 4.282207461087241818e-01
9.719999999999999751e-01 4.312620675372476620e-01
9.722666015624999991e-01 4.320727988523841989e-01
9.729999999999999760e-01 4.335039280125636552e-01
9.739999999999999769e-01 4.350837749468546845e-01
9.742670898437499893e-01 4.356035337195187651e-01
9.749999999999999778e-01 4.360105908398067553e-01
9.759999999999999787e-01 4.365610670473061838e-01
9.762676757812499551e-01 4.367070539846065191e-01
9.769999999999999796e-01 4.371233213290920405e-01
9.779999999999999805e-01 4.373130956921111867e-01
9.782681640624999453e-01 4.374624052219047154e-01
9.789999999999999813e-01 4.381722624625524753e-01
9.799999999999999822e-01 4.391376227703576163e-01
9.802687500000000220e-01 4.393341273411623393e-01
9.809999999999999831e-01 4.409958628183808793e-01
9.819999999999999840e-01 4.428866161083197528e-01
9.822692382812500123e-01 4.434958222035385034e-01
9.829999999999999849e-01 4.457728378236051059e-01
9.839999999999999858e-01 4.491167431066179216e-01
9.842698242187499780e-01 4.500185586937088256e-01
9.849999999999999867e-01 4.522091177768000070e-01
9.859999999999999876e-01 4.548185582486886092e-01
9.862703124999999682e-01 4.556276728101661955e-01
9.869999999999999885e-01 4.564982802334972556e-01
9.879999999999999893e-01 4.576852482167380054e-01
9.882708984375000449e-01 4.580050053563978207e-01
9.889999999999999902e-01 4.572101528539623816e-01
9.899999999999999911e-01 4.557189646085300638e-01
9.902714843750000107e-01 4.554176272509743995e-01
9.909999999999999920e-01 4.534912323139042578e-01
9.919999999999999929e-01 4.508320984091933048e-01
9.922719726562500009e-01 4.501053301585976052e-01
9.929999999999999938e-01 4.484284639231788661e-01
9.939999999999999947e-01 4.461114315222250992e-01
9.942725585937499666e-01 4.453728597806465017e-01
9.949999999999999956e-01 4.440789334378876241e-01
9.959999999999999964e-01 4.426682963051828956e-01
9.962730468749999568e-01 4.422802169858425780e-01
9.969999999999999973e-01 4.425531455970142525e-01
9.979999999999999982e-01 4.429204901732186617e-01
9.982736328125000336e-01 4.430184460921147149e-01
9.989999999999999991e-01 4.438226360311779417e-01
1.000000000000000000e+00 4.445408693858171612e-01
1.000274121093750024e+00 4.449085935459525798e-01
1.000999999999999890e+00 4.462408077958872621e-01
1.002000000000000002e+00 4.480722999030292142e-01
1.002274707031250101e+00 4.485741120768652612e-01
1.002999999999999892e+00 4.490132932215040173e-01
1.004000000000000004e+00 4.496121931957032247e-01
1.004275195312499980e+00 4.496689220909748652e-01
1.004999999999999893e+00 4.486048234997909723e-01
1.006000000000000005e+00 4.475111235254169983e-01
1.006275781250000056e+00 4.472067701684090402e-01
1.006999999999999895e+00 4.455836702548767736e-01
1.008000000000000007e+00 4.433287769942848566e-01
1.008276269531249936e+00 4.427025304570946784e-01
1.008999999999999897e+00 4.414025190556556955e-01
1.010000000000000009e+00 4.395944487083097152e-01
1.010276855468750012e+00 4.390908584820625848e-01
1.010999999999999899e+00 4.379451679622005100e-01
1.012000000000000011e+00 4.359755165823940293e-01
1.012277441406250089e+00 4.355305724717980498e-01
1.012999999999999901e+00 4.357473443256671963e-01
1.014000000000000012e+00 4.360410011385754125e-01
1.014277929687499968e+00 4.361208625219462620e-01
1.014999999999999902e+00 4.372773020718881409e-01
1.016000000000000014e+00 4.388767964167804569e-01
1.016278515625000045e+00 4.393211280367226301e-01
1.016999999999999904e+00 4.408018404528130652e-01
1.018000000000000016e+00 4.428518616344394032e-01
1.018279003906249924e+00 4.433171897953792073e-01
1.018999999999999906e+00 4.442083791651760816e-01
1.020000000000000018e+00 4.458216997507183921e-01
1.020279589843750001e+00 4.462802758566984385e-01
1.020999999999999908e+00 4.470816123570043876e-01
1.022000000000000020e+00 4.481912336688440579e-01
1.022280078125000102e+00 4.485007998180842170e-01
1.022999999999999909e+00 4.487064247239268555e-01
1.024000000000000021e+00 4.489867460809858768e-01
1.024280664062499957e+00 4.490639448313151760e-01
1.024999999999999911e+00 4.494357439765101492e-01
1.026000000000000023e+00 4.499485592717784033e-01
1.026281152343750058e+00 4.500913947574256002e-01
1.026999999999999913e+00 4.509973405516053968e-01
1.028000000000000025e+00 4.522550664009943877e-01
1.028281738281249913e+00 4.524990295073740842e-01
1.028999999999999915e+00 4.541333629743027345e-01
1.030000000000000027e+00 4.567981288091855774e-01
1.030282324218749990e+00 4.575503990006707378e-01
1.030999999999999917e+00 4.602866163623980933e-01
1.032000000000000028e+00 4.641021202217064934e-01
1.032282812500000091e+00 4.651814619681642893e-01
1.032999999999999918e+00 4.682542894872824824e-01
1.034000000000000030e+00 4.725431168981749641e-01
1.034283398437499946e+00 4.737593611916123271e-01
1.034999999999999920e+00 4.760136394211089694e-01
1.036000000000000032e+00 4.791610231115587260e-01
1.036283886718750047e+00 4.800546422245874911e-01
1.036999999999999922e+00 4.815026935280906084e-01
1.038000000000000034e+00 4.835239899945172337e-01
1.038284374999999926e+00 4.840987357187226392e-01
1.038999999999999924e+00 4.843141089367051788e-01
1.040000000000000036e+00 4.846108946569080977e-01
1.040284960937500003e+00 4.846995930321360002e-01
1.040999999999999925e+00 4.837407668958230711e-01
1.042000000000000037e+00 4.823935576403366454e-01
1.042285546875000080e+00 4.820071376508301420e-01
1.042999999999999927e+00 4.811624060172554618e-01
1.044000000000000039e+00 4.799741807944821748e-01
1.044286132812499934e+00 4.796327631754924714e-01
1.044999999999999929e+00 4.789918093115115849e-01
1.046000000000000041e+00 4.776768951262012064e-01
1.046286621093750036e+00 4.774169533302066171e-01
1.046999999999999931e+00 4.777247665221482920e-01
1.048000000000000043e+00 4.781542172775016808e-01
1.048287207031249890e+00 4.782768559765686045e-01
1.048999999999999932e+00 4.792016710930097623e-01
1.050000000000000044e+00 4.804987894850522023e-01
1.050287695312499991e+00 4.807599039962107690e-01
1.050999999999999934e+00 4.815307858405681318e-01
1.052000000000000046e+00 4.826121888216274303e-01
1.052288183593750093e+00 4.829233863488941458e-01
1.052999999999999936e+00 4.835325759814797508e-01
1.054000000000000048e+00 4.843874917145245540e-01
1.054288769531249947e+00 4.846338485958524567e-01
1.054999999999999938e+00 4.846377206415212746e-01
1.056000000000000050e+00 4.846418493747674527e-01
1.056289257812500049e+00 4.846428340377508803e-01
1.056999999999999940e+00 4.840067633872308650e-01
1.058000000000000052e+00 4.831092533730853567e-01
1.058289941406250101e+00 4.828487139944453999e-01
1.058999999999999941e+00 4.821571902085117767e-01
1.060000000000000053e+00 4.811820716264568198e-01
1.060290429687499980e+00 4.808883210513693607e-01
1.060999999999999943e+00 4.801881916484763702e-01
1.062000000000000055e+00 4.792004303630965634e-01
1.062291015625000057e+00 4.789127079203245319e-01
1.062999999999999945e+00 4.785659943269526262e-01
1.064000000000000057e+00 4.780766690020420429e-01
1.064291503906249936e+00 4.779337847208167123e-01
1.064999999999999947e+00 4.779761836649587536e-01
1.066000000000000059e+00 4.780359787976151131e-01
1.066291992187500037e+00 4.780534747802895335e-01
1.066999999999999948e+00 4.785741396806020842e-01
1.068000000000000060e+00 4.793096887225749558e-01
1.068292578124999892e+00 4.796456841375781877e-01
1.068999999999999950e+00 4.800333325813833651e-01
1.070000000000000062e+00 4.801694012972993475e-01
1.070293066406249993e+00 4.802092626150080146e-01
1.070999999999999952e+00 4.802522698466427098e-01
1.072000000000000064e+00 4.803137292335526998e-01
1.072293652343750070e+00 4.803319896575068970e-01
1.072999999999999954e+00 4.799154251239200475e-01
1.074000000000000066e+00 4.793260066231911920e-01
1.074294238281249925e+00 4.791527025904632753e-01
1.074999999999999956e+00 4.787722959143496659e-01
1.076000000000000068e+00 4.782344027299200162e-01
1.076294824218750001e+00 4.780761340904421952e-01
1.076999999999999957e+00 4.781045515458508532e-01
1.078000000000000069e+00 4.781455223152860090e-01
1.078295312500000103e+00 4.781581966707572628e-01
1.078999999999999959e+00 4.782238091304704675e-01
1.080000000000000071e+00 4.783181774460436575e-01
1.080295800781249982e+00 4.783531559834979241e-01
1.080999999999999961e+00 4.791441292256765072e-01
1.082000000000000073e+00 4.802699078289969781e-01
1.082296386718750059e+00 4.806042472039692703e-01
1.082999999999999963e+00 4.817873822116173765e-01
1.084000000000000075e+00 4.834710983923771743e-01
1.084296874999999938e+00 4.839719387149912233e-01
1.084999999999999964e+00 4.854944882373984916e-01
1.086000000000000076e+00 4.876629646898365533e-01
1.086297460937500015e+00 4.884339531450491156e-01
1.086999999999999966e+00 4.899026777328421844e-01
1.088000000000000078e+00 4.915769145134248341e-01
1.088298046875000091e+00 4.920767048915392072e-01
1.088999999999999968e+00 4.927940595793017797e-01
1.090000000000000080e+00 4.938199828339613906e-01
1.090298632812499946e+00 4.941270723066912840e-01
1.090999999999999970e+00 4.943708016369854352e-01
1.092000000000000082e+00 4.947217755459572541e-01
1.092299121093750047e+00 4.948278294252378418e-01
1.092999999999999972e+00 4.947578706732684850e-01
1.094000000000000083e+00 4.946612833622255345e-01
1.094299609374999926e+00 4.946333006416760436e-01
1.094999999999999973e+00 4.944439832387535483e-01
1.096000000000000085e+00 4.941761420398640969e-01
1.096300195312500003e+00 4.940969154624952342e-01
1.096999999999999975e+00 4.936820650113089015e-01
1.098000000000000087e+00 4.935164057593702802e-01
1.098300683593750104e+00 4.933401599442645558e-01
1.098999999999999977e+00 4.932665988197026952e-01
1.100000000000000089e+00 4.930641768689948967e-01
1.100301269531249959e+00 4.930212980698692737e-01
1.100999999999999979e+00 4.929394822624894590e-01
1.102000000000000091e+00 4.928222684579646184e-01
1.102301757812500060e+00 4.927868701223058756e-01
1.102999999999999980e+00 4.924570780843225970e-01
1.104000000000000092e+00 4.919844411628630509e-01
1.104302441406249891e+00 4.918414220890126587e-01
1.104999999999999982e+00 4.911927988854642990e-01
1.106000000000000094e+00 4.902623776331381245e-01
1.106302929687499992e+00 4.901078053539253410e-01
1.106999999999999984e+00 4.893970474404070736e-01
1.108000000000000096e+00 4.879559508264430523e-01
1.108303417968750093e+00 4.875184964514405195e-01
1.108999999999999986e+00 4.861950939513385861e-01
1.110000000000000098e+00 4.842941305625265702e-01
1.110304003906249948e+00 4.837159704269495264e-01
1.110999999999999988e+00 4.824980325519476199e-01
1.112000000000000099e+00 4.807470845325777509e-01
1.112304492187500049e+00 4.802136938462900351e-01
1.112999999999999989e+00 4.790658241117813354e-01
1.114000000000000101e+00 4.774144475587734915e-01
1.114305078124999904e+00 4.770352076276269671e-01
1.114999999999999991e+00 4.764180062228695611e-01
1.116000000000000103e+00 4.751200391804882295e-01
1.116305566406250005e+00 4.747232417298561935e-01
1.116999999999999993e+00 4.742287178550385618e-01
1.118000000000000105e+00 4.735161431535327425e-01
1.118306054687500106e+00 4.732979503321290138e-01
1.118999999999999995e+00 4.731751346069860142e-01
1.120000000000000107e+00 4.729980006902221867e-01
1.120306738281249936e+00 4.730755098585026075e-01
1.120999999999999996e+00 4.736583008927049976e-01
1.122000000000000108e+00 4.740939129171112265e-01
1.122307226562500038e+00 4.742277926053264370e-01
1.122999999999999998e+00 4.749552344155754668e-01
1.124000000000000110e+00 4.760058745819176762e-01
1.124307812499999892e+00 4.763294168357867231e-01
1.125000000000000000e+00 4.772345489949009756e-01
1.125999999999999890e+00 4.785429510954932741e-01
1.126308300781249994e+00 4.789465141507339707e-01
1.127000000000000002e+00 4.797281126298048592e-01
1.127999999999999892e+00 4.812704418680496810e-01
1.128308886718750070e+00 4.816201279445341821e-01
1.129000000000000004e+00 4.827044513935334069e-01
1.129999999999999893e+00 4.842743310374043597e-01
1.130309374999999950e+00 4.847602348538941341e-01
1.131000000000000005e+00 4.855968864024258758e-01
1.131999999999999895e+00 4.868090252830666320e-01
1.132309863281250051e+00 4.871847901614806964e-01
1.133000000000000007e+00 4.875251319646619064e-01
1.133999999999999897e+00 4.884359565666978042e-01
1.134310546875000103e+00 4.885893649116362369e-01
1.135000000000000009e+00 4.890898603206558781e-01
1.135999999999999899e+00 4.898161769017047584e-01
1.136311035156249982e+00 4.900421799769021369e-01
1.137000000000000011e+00 4.906139481787886725e-01
1.137999999999999901e+00 4.914442944192197738e-01
1.138311621093750059e+00 4.918341248738370974e-01
1.139000000000000012e+00 4.925893649077920933e-01
1.139999999999999902e+00 4.932665677371972923e-01
1.140312109374999938e+00 4.934891963106216584e-01
1.141000000000000014e+00 4.938556159035933368e-01
1.141999999999999904e+00 4.943885821839196226e-01
1.142312695312500015e+00 4.945553099968894584e-01
1.143000000000000016e+00 4.951174108103886806e-01
1.143999999999999906e+00 4.959357559419215744e-01
1.144313183593749894e+00 4.963248855949072280e-01
1.145000000000000018e+00 4.972857033304096674e-01
1.145999999999999908e+00 4.982615244646843022e-01
1.146313671874999995e+00 4.985677661948549888e-01
1.147000000000000020e+00 4.991134936555590151e-01
1.147999999999999909e+00 4.999091273523562640e-01
1.148314257812500072e+00 5.001592822248667192e-01
1.149000000000000021e+00 5.004384286518112068e-01
1.149999999999999911e+00 5.012730098775369791e-01
1.150314843749999927e+00 5.013930165948166096e-01
1.151000000000000023e+00 5.009774528323920340e-01
1.151999999999999913e+00 5.003704304025736738e-01
1.152315429687500004e+00 5.001788347688799208e-01
1.153000000000000025e+00 4.992819075585940847e-01
1.153999999999999915e+00 4.979707341262058495e-01
1.154315917968750105e+00 4.976902822396661041e-01
1.155000000000000027e+00 4.967431846880362434e-01
1.155999999999999917e+00 4.949332099902402082e-01
1.156316503906249959e+00 4.943600238970467520e-01
1.157000000000000028e+00 4.931929495817595210e-01
1.157999999999999918e+00 4.914842106011597100e-01
1.158316992187500061e+00 4.909422480902339569e-01
1.159000000000000030e+00 4.900235707040941913e-01
1.159999999999999920e+00 4.890937553748184174e-01
1.160317480468749940e+00 4.886667505984706450e-01
1.161000000000000032e+00 4.884442882509841266e-01
1.161999999999999922e+00 4.881180316848097167e-01
1.162318066406250017e+00 4.880141822365887116e-01
1.163000000000000034e+00 4.886299991207353477e-01
1.163999999999999924e+00 4.899502074295801202e-01
1.164318554687499896e+00 4.902384169379286893e-01
1.165000000000000036e+00 4.911229782489275886e-01
1.165999999999999925e+00 4.924218307572773012e-01
1.166319238281249948e+00 4.928366711250972698e-01
1.167000000000000037e+00 4.941681045669409356e-01
1.167999999999999927e+00 4.961251341262328252e-01
1.168319726562500049e+00 4.968862185250588759e-01
1.169000000000000039e+00 4.986143391422815929e-01
1.169999999999999929e+00 5.007335824246286204e-01
1.170320312499999904e+00 5.014127394150162953e-01
1.171000000000000041e+00 5.026757838031444825e-01
1.171999999999999931e+00 5.045352170222480170e-01
1.172320800781250005e+00 5.052696853914551145e-01
1.173000000000000043e+00 5.065936923269933612e-01
1.173999999999999932e+00 5.081148502551614543e-01
1.174321289062500107e+00 5.086038171464338786e-01
1.175000000000000044e+00 5.095118472395406828e-01
1.175999999999999934e+00 5.108505288718623305e-01
1.176321874999999961e+00 5.112816216287452420e-01
1.177000000000000046e+00 5.118682108381726881e-01
1.177999999999999936e+00 5.131689924835702854e-01
1.178322363281250063e+00 5.134483597569438063e-01
1.179000000000000048e+00 5.129615314728556141e-01
1.179999999999999938e+00 5.122425297980450765e-01
1.180323046874999893e+00 5.119874315614729721e-01
1.181000000000000050e+00 5.097880027431190841e-01
1.181999999999999940e+00 5.069671033492366696e-01
1.182323535156249994e+00 5.059141792577184216e-01
1.183000000000000052e+00 5.022256225731831503e-01
1.183999999999999941e+00 4.967704622885342758e-01
1.184324121093750071e+00 4.950016986701354371e-01
1.185000000000000053e+00 4.910615092609855181e-01
1.185999999999999943e+00 4.856403834474666281e-01
1.186324609374999950e+00 4.837448661803839256e-01
1.187000000000000055e+00 4.820574545037116243e-01
1.187999999999999945e+00 4.795578796249533871e-01
1.188325097656250051e+00 4.787449775587990786e-01
1.189000000000000057e+00 4.809619357214364732e-01
1.189999999999999947e+00 4.846582538189873612e-01
1.190325683593749906e+00 4.857298067503895145e-01
1.191000000000000059e+00 4.920533204790044080e-01
1.191999999999999948e+00 5.014350877859314881e-01
1.192326171875000007e+00 5.044962162221938717e-01
1.193000000000000060e+00 5.056610722490182397e-01
1.193999999999999950e+00 5.073905030702179353e-01
1.194326757812500084e+00 5.080962053949107382e-01
1.195000000000000062e+00 4.856009541151767861e-01
1.195999999999999952e+00 4.517429356947262331e-01
1.196327343749999939e+00 4.406558307717972078e-01
1.197000000000000064e+00 3.922759673397789859e-01
1.197999999999999954e+00 3.203205743115147275e-01
1.198327929687500015e+00 2.967982424653430318e-01
1.199000000000000066e+00 2.526767236101312153e-01
1.199999999999999956e+00 1.867466468221523901e-01
1.200328417968749894e+00 1.650930811603314452e-01
1.201000000000000068e+00 1.392279764073764414e-01
1.201999999999999957e+00 1.006893813147633210e-01
1.202328906249999996e+00 8.803172962039190752e-02
1.203000000000000069e+00 7.455997120175612836e-02
1.203999999999999959e+00 5.439829412899119254e-02
1.204329492187500072e+00 4.775176499136503383e-02
1.205000000000000071e+00 4.080563493019222915e-02
1.205999999999999961e+00 3.043943748368720809e-02
1.206329980468749952e+00 2.702456016334405658e-02
1.207000000000000073e+00 2.329169657038544783e-02
1.207999999999999963e+00 1.769400921502531365e-02
1.208330566406250028e+00 1.584265044557178065e-02
1.209000000000000075e+00 1.372056514366407250e-02
1.209999999999999964e+00 1.054854854306140621e-02
1.210331054687499908e+00 9.500548906977759542e-03
1.211000000000000076e+00 8.291674110361560782e-03
1.211999999999999966e+00 6.475359358034427602e-03
1.212331738281249960e+00 5.872508279537221737e-03
1.213000000000000078e+00 5.068832047579818235e-03
1.213999999999999968e+00 3.865420112378601270e-03
1.214332226562500061e+00 3.466378892530178231e-03
1.215000000000000080e+00 3.008832043679586336e-03
1.215999999999999970e+00 2.320286826861328502e-03
1.216332812499999916e+00 2.091012464105107809e-03
1.217000000000000082e+00 1.796630378263363139e-03
1.217999999999999972e+00 1.355117961945700913e-03
1.218333300781250017e+00 1.208224704837310192e-03
1.219000000000000083e+00 1.076022464752211154e-03
1.219999999999999973e+00 8.765837401435699200e-04
1.220333789062499896e+00 8.099541832447776325e-04
1.221000000000000085e+00 6.986576473311865813e-04
1.221999999999999975e+00 5.319638907719874106e-04
1.222334374999999973e+00 4.760072499927903286e-04
1.223000000000000087e+00 3.824964058998892393e-04
1.223999999999999977e+00 2.419418987998256290e-04
1.224334863281250074e+00 1.948569065048489746e-04
1.225000000000000089e+00 1.480972618275739196e-04
1.225999999999999979e+00 7.782742841029981489e-05
1.226335546874999904e+00 5.419758872525035645e-05
1.227000000000000091e+00 5.420806836171480789e-05
1.227999999999999980e+00 5.422384266895115040e-05
1.229000000000000092e+00 5.423961996261989692e-05
1.229999999999999982e+00 5.430095686460226760e-05
1.231000000000000094e+00 5.431675338478900871e-05
1.231999999999999984e+00 5.433255289483661794e-05
1.233000000000000096e+00 5.434835539505201936e-05
1.233999999999999986e+00 5.440976509646120943e-05
1.235000000000000098e+00 5.442558683912051892e-05
1.235999999999999988e+00 5.444141157537773812e-05
1.237000000000000099e+00 5.445723930554016381e-05
1.237999999999999989e+00 5.451873274360434041e-05
1.239000000000000101e+00 5.453457973530657796e-05
1.239999999999999991e+00 5.455042972434637568e-05
1.241000000000000103e+00 5.457282351155873489e-05
1.241999999999999993e+00 5.464094973472068270e-05
1.243000000000000105e+00 5.466337360231249303e-05
1.243999999999999995e+00 5.468580313282644061e-05
1.245000000000000107e+00 5.470823832679811452e-05
1.245999999999999996e+00 5.477647559475815460e-05
1.247000000000000108e+00 5.479894089959025491e-05
1.247999999999999998e+00 5.482141187422672325e-05
1.249000000000000110e+00 5.484388851920327069e-05
1.250000000000000000e+00 5.491224787156206028e-05
1.250999999999999890e+00 5.492237890527643129e-05
1.252000000000000002e+00 5.493250623803416722e-05
1.252999999999999892e+00 5.494262986740445972e-05
1.254000000000000004e+00 5.499865519248600383e-05
1.254999999999999893e+00 5.500877985848300663e-05
1.256000000000000005e+00 5.501890081069913291e-05
1.256999999999999895e+00 5.507495426678240972e-05
1.258000000000000007e+00 5.508507622653179909e-05
1.258999999999999897e+00 5.509519446209277746e-05
1.260000000000000009e+00 5.510530897102924419e-05
1.260999999999999899e+00 5.515905862425442242e-05
1.262000000000000011e+00 5.516684320591797112e-05
1.262999999999999901e+00 5.517462425203950956e-05
1.264000000000000012e+00 5.518240176068974065e-05
1.264999999999999902e+00 5.523616420776795912e-05
1.266000000000000014e+00 5.524394111057372760e-05
1.266999999999999904e+00 5.525171446716646312e-05
1.268000000000000016e+00 5.525948427561438845e-05
1.268999999999999906e+00 5.531327037937760273e-05
1.270000000000000018e+00 5.532103954957755579e-05
1.270999999999999908e+00 5.532880516287683100e-05
1.272000000000000020e+00 5.533656721734119812e-05
1.272999999999999909e+00 5.539036590520101896e-05
1.274000000000000021e+00 5.539812728741404864e-05
1.274999999999999911e+00 5.540588510202293978e-05
1.276000000000000023e+00 5.541363934709097526e-05
1.276999999999999913e+00 5.542139002068131599e-05
1.278000000000000025e+00 5.547521503412021650e-05
1.278999999999999915e+00 5.548296499609004320e-05
1.280000000000000027e+00 5.549071137779657323e-05
1.280999999999999917e+00 5.548928703736537640e-05
1.282000000000000028e+00 5.553394745343166028e-05
1.282999999999999918e+00 5.553251460582449528e-05
1.284000000000000030e+00 5.553107809587026620e-05
1.284999999999999920e+00 5.552963792337574790e-05
1.286000000000000032e+00 5.557427223542503285e-05
1.286999999999999922e+00 5.557282353611476611e-05
1.288000000000000034e+00 5.557137117064576672e-05
1.288999999999999924e+00 5.556991513882532450e-05
1.290000000000000036e+00 5.561453425764068399e-05
1.290999999999999925e+00 5.561306967907904614e-05
1.292000000000000037e+00 5.561160143054792862e-05
1.292999999999999927e+00 5.561012951185510914e-05
1.294000000000000039e+00 5.565472237571532236e-05
1.294999999999999929e+00 5.565324189064450855e-05
1.296000000000000041e+00 5.565175773179518244e-05
1.296999999999999931e+00 5.565026989897555544e-05
1.298000000000000043e+00 5.564877839199398125e-05
1.298999999999999932e+00 5.569335099721420051e-05
1.300000000000000044e+00 5.569185090050175069e-05
1.300999999999999934e+00 5.570931756145193194e-05
1.302000000000000046e+00 5.572678842108495746e-05
1.302999999999999936e+00 5.579037337988856427e-05
1.304000000000000048e+00 5.580786709736891180e-05
1.304999999999999938e+00 5.582536501919581313e-05
1.306000000000000050e+00 5.584286714609965459e-05
1.306999999999999940e+00 5.586037347881094451e-05
1.308000000000000052e+00 5.592406073894411574e-05
1.308999999999999941e+00 5.594158995940952303e-05
1.310000000000000053e+00 5.595912339135172614e-05
1.310999999999999943e+00 5.597666103550210753e-05
1.312000000000000055e+00 5.599420289259221908e-05
1.312999999999999945e+00 5.605800360248053477e-05
1.314000000000000057e+00 5.607556838071323715e-05
1.314999999999999947e+00 5.609313737756150192e-05
1.316000000000000059e+00 5.611071059375779575e-05
1.316999999999999948e+00 5.617460066232260273e-05
1.318000000000000060e+00 5.619219682640803670e-05
1.318999999999999950e+00 5.620979721552253616e-05
1.320000000000000062e+00 5.622740183039956388e-05
1.320999999999999952e+00 5.623329289053162689e-05
1.322000000000000064e+00 5.628554466643948060e-05
1.322999999999999954e+00 5.629144131357622521e-05
1.324000000000000066e+00 5.629733832609357428e-05
1.324999999999999956e+00 5.630323570399415023e-05
1.326000000000000068e+00 5.630913344728050092e-05
1.326999999999999957e+00 5.631503155595528944e-05
1.328000000000000069e+00 5.636732505681588682e-05
1.328999999999999959e+00 5.637322875551353861e-05
1.330000000000000071e+00 5.637913281990840900e-05
1.330999999999999961e+00 5.638503725000310686e-05
1.332000000000000073e+00 5.639094204580028170e-05
1.332999999999999963e+00 5.644326099994197024e-05
1.334000000000000075e+00 5.644917138731557520e-05
1.334999999999999964e+00 5.645508214070043114e-05
1.336000000000000076e+00 5.646099326009905206e-05
1.336999999999999966e+00 5.646690474551410103e-05
1.338000000000000078e+00 5.647281659694813270e-05
1.338999999999999968e+00 5.652517730937408388e-05
1.340000000000000080e+00 5.653109475540322879e-05
1.340999999999999970e+00 5.650628947954209366e-05
1.342000000000000082e+00 5.648148503208935212e-05
1.342999999999999972e+00 5.645668141328404364e-05
1.344000000000000083e+00 5.643187862336507894e-05
1.344999999999999973e+00 5.645342811056974346e-05
1.346000000000000085e+00 5.642860659927975415e-05
1.346999999999999975e+00 5.640378591827452615e-05
1.348000000000000087e+00 5.637896606779307858e-05
1.348999999999999977e+00 5.635414704807438317e-05
1.350000000000000089e+00 5.632932885935744552e-05
1.350369238281249995e+00 5.633450629076202694e-05
1.350999999999999979e+00 5.634351743033960865e-05
1.352000000000000091e+00 5.631157554231562578e-05
1.352999999999999980e+00 5.627964133913434787e-05
1.354000000000000092e+00 5.624771481986832805e-05
1.354999999999999982e+00 5.621579598359019398e-05
1.356000000000000094e+00 5.618388482937256657e-05
1.356999999999999984e+00 5.615198135628815480e-05
1.358000000000000096e+00 5.616612552148320575e-05
1.358999999999999986e+00 5.613421124742072144e-05
1.360000000000000098e+00 5.610230465800908572e-05
1.360999999999999988e+00 5.596461609719040342e-05
1.362000000000000099e+00 5.582707229448493908e-05
1.362999999999999989e+00 5.568967330464713860e-05
1.364000000000000101e+00 5.555241918239436135e-05
1.364999999999999991e+00 5.541530998240677859e-05
1.366000000000000103e+00 5.532365259369646744e-05
1.366999999999999993e+00 5.518672126338398909e-05
1.368000000000000105e+00 5.504993513806885592e-05
1.368999999999999995e+00 5.491329427232742680e-05
1.370000000000000107e+00 5.477679872069887929e-05
1.370999999999999996e+00 5.464044853768518922e-05
1.372000000000000108e+00 5.450424377775129340e-05
1.372999999999999998e+00 5.436818449532485916e-05
1.374000000000000110e+00 5.423227074479650123e-05
1.375000000000000000e+00 5.414080973240822692e-05
1.375999999999999890e+00 5.400507612854656375e-05
1.377000000000000002e+00 5.386948833886159225e-05
1.377999999999999892e+00 5.373404641763972856e-05
1.379000000000000004e+00 5.359875041913025488e-05
1.379999999999999893e+00 5.346360039754529916e-05
1.381000000000000005e+00 5.335950139140071700e-05
1.381999999999999895e+00 5.325551906275617360e-05
1.383000000000000007e+00 5.315165336081141003e-05
1.383999999999999897e+00 5.325892013227934710e-05
1.385000000000000009e+00 5.336627241216706667e-05
1.385999999999999899e+00 5.351747136904925779e-05
1.387000000000000011e+00 5.362508250997493584e-05
1.387999999999999901e+00 5.373277907979079245e-05
1.389000000000000012e+00 5.384056102867182891e-05
1.389999999999999902e+00 5.394842830679842004e-05
1.391000000000000014e+00 5.405638086435624653e-05
1.391999999999999904e+00 5.416441865153634228e-05
1.393000000000000016e+00 5.427254161853513510e-05
1.393999999999999906e+00 5.438074971555434509e-05
1.395000000000000018e+00 5.448904289280114720e-05
1.395999999999999908e+00 5.459742110048792737e-05
1.397000000000000020e+00 5.470588428883257383e-05
1.397999999999999909e+00 5.481443240805825354e-05
1.399000000000000021e+00 5.492306540839354768e-05
1.399999999999999911e+00 5.503178324007238393e-05
1.401000000000000023e+00 5.508669289431015261e-05
1.401999999999999913e+00 5.514161975615877292e-05
1.403000000000000025e+00 5.519656380589198593e-05
1.403999999999999915e+00 5.525152502377098307e-05
1.405000000000000027e+00 5.530650339004452134e-05
1.405999999999999917e+00 5.536149888494879451e-05
1.407000000000000028e+00 5.541651148870753484e-05
1.407999999999999918e+00 5.551689483516802204e-05
1.409000000000000030e+00 5.557198660361032603e-05
1.409999999999999920e+00 5.562709543544313228e-05
1.411000000000000032e+00 5.568222131082398927e-05
1.411999999999999922e+00 5.573736420989800427e-05
1.413000000000000034e+00 5.579252411279777554e-05
1.413999999999999924e+00 5.584770099964347370e-05
1.415000000000000036e+00 5.590289485054276714e-05
1.415999999999999925e+00 5.595810564559079497e-05
1.417000000000000037e+00 5.601333336487023472e-05
1.417999999999999927e+00 5.606857798845134983e-05
1.419000000000000039e+00 5.612383949639177953e-05
1.419999999999999929e+00 5.613322322241419193e-05
1.421000000000000041e+00 5.613742358321539312e-05
1.421999999999999931e+00 5.614161850056416316e-05
1.423000000000000043e+00 5.614580797285912187e-05
1.423999999999999932e+00 5.614999199849901785e-05
1.425000000000000044e+00 5.615417057588269455e-05
1.425389453124999983e+00 5.615579646145893265e-05
1.425999999999999934e+00 5.615809991239744048e-05
1.427000000000000046e+00 5.616186824303722646e-05
1.427999999999999936e+00 5.616563106358301731e-05
1.429000000000000048e+00 5.616938837255098751e-05
1.429999999999999938e+00 5.617314016845760289e-05
1.431000000000000050e+00 5.617688644981939705e-05
1.431999999999999940e+00 5.618062721515316109e-05
1.433000000000000052e+00 5.618436246297578098e-05
1.433999999999999941e+00 5.618809219180442052e-05
1.435000000000000053e+00 5.619181640015637224e-05
1.435999999999999943e+00 5.619553508654904388e-05
1.437000000000000055e+00 5.619924824950014135e-05
1.437999999999999945e+00 5.620295588752747217e-05
1.439000000000000057e+00 5.620665799914901329e-05
1.439999999999999947e+00 5.616439139480794787e-05
1.441000000000000059e+00 5.615743952336962896e-05
1.441999999999999948e+00 5.615048491217964043e-05
1.443000000000000060e+00 5.614352756131176224e-05
1.443999999999999950e+00 5.613656747083982856e-05
1.445000000000000062e+00 5.612960464083772776e-05
1.445999999999999952e+00 5.612263907137930756e-05
1.447000000000000064e+00 5.611567076253851734e-05
1.447999999999999954e+00 5.610869971438927934e-05
1.449000000000000066e+00 5.610172592700562425e-05
1.449999999999999956e+00 5.609474940046154208e-05
1.451000000000000068e+00 5.606809789614277696e-05
1.451999999999999957e+00 5.608735518158104613e-05
1.453000000000000069e+00 5.610661506138744247e-05
1.453999999999999959e+00 5.612587753540954072e-05
1.455000000000000071e+00 5.614514260349498336e-05
1.455999999999999961e+00 5.616441026549129090e-05
1.457000000000000073e+00 5.618368052124602454e-05
1.457999999999999963e+00 5.615692644035116072e-05
1.459000000000000075e+00 5.617618609770537344e-05
1.459999999999999964e+00 5.619544834623663529e-05
1.461000000000000076e+00 5.620847114663319010e-05
1.461999999999999966e+00 5.622149347674158240e-05
1.463000000000000078e+00 5.623451533642916003e-05
1.463999999999999968e+00 5.624753672556320988e-05
1.465000000000000080e+00 5.621444027894325485e-05
1.465999999999999970e+00 5.622745005357585697e-05
1.467000000000000082e+00 5.624045935764318804e-05
1.467999999999999972e+00 5.625346819101267724e-05
1.469000000000000083e+00 5.626647655355197737e-05
1.469999999999999973e+00 5.627948444512857859e-05
1.470401757812499932e+00 5.626616137353368291e-05
1.471000000000000085e+00 5.624646553616445105e-05
1.471999999999999975e+00 5.625971191390223721e-05
1.473000000000000087e+00 5.627295793841749266e-05
1.473999999999999977e+00 5.628620360957327590e-05
1.475000000000000089e+00 5.629944892723261831e-05
1.475999999999999979e+00 5.626645799399057824e-05
1.477000000000000091e+00 5.627969172967438902e-05
1.477999999999999980e+00 5.629292511174161580e-05
1.479000000000000092e+00 5.630615814005545262e-05
1.479999999999999982e+00 5.627311142066748008e-05
1.481000000000000094e+00 5.628066920335209880e-05
1.481999999999999984e+00 5.628822449884965260e-05
1.483000000000000096e+00 5.629577730742821046e-05
1.483999999999999986e+00 5.625702890516434088e-05
1.485000000000000098e+00 5.626457053405705278e-05
1.485999999999999988e+00 5.627210967887912371e-05
1.487000000000000099e+00 5.627964633989834483e-05
1.487999999999999989e+00 5.624085145625223517e-05
1.489000000000000101e+00 5.624837695125435040e-05
1.489999999999999991e+00 5.625589996530065619e-05
1.490407226562499909e+00 5.625896282564358381e-05
1.491000000000000103e+00 5.626342049865870653e-05
1.491999999999999993e+00 5.622459023141889101e-05
1.493000000000000105e+00 5.623209961389987854e-05
1.493999999999999995e+00 5.623960651853784172e-05
1.495000000000000107e+00 5.624711094560013125e-05
1.495999999999999996e+00 5.620823429771720840e-05
1.497000000000000108e+00 5.621572758755884240e-05
1.497999999999999998e+00 5.622321840266867183e-05
1.499000000000000110e+00 5.618430960318896827e-05
1.500000000000000000e+00 5.619178929289047740e-05
1.500999999999999890e+00 5.617235061774828516e-05
1.502000000000000002e+00 5.610655007403518482e-05
1.502999999999999892e+00 5.608713508049640342e-05
1.504000000000000004e+00 5.606772390197571377e-05
1.504999999999999893e+00 5.600199345227110530e-05
1.506000000000000005e+00 5.598260593955162726e-05
1.506999999999999895e+00 5.596322223772281205e-05
1.508000000000000007e+00 5.589756736134667578e-05
1.508999999999999897e+00 5.587820730760869746e-05
1.510000000000000009e+00 5.585885106063528119e-05
1.510999999999999899e+00 5.579327721780717389e-05
1.512000000000000011e+00 5.577394459931021170e-05
1.512999999999999901e+00 5.575461578345360136e-05
1.514000000000000012e+00 5.568911190123873117e-05
1.514999999999999902e+00 5.566980669806901341e-05
1.516000000000000014e+00 5.565050529341648763e-05
1.516999999999999904e+00 5.558508233294157520e-05
1.518000000000000016e+00 5.556580452137452894e-05
1.518999999999999906e+00 5.550043164593148899e-05
1.520000000000000018e+00 5.548117741546526664e-05
1.520999999999999908e+00 5.545735183161283572e-05
1.522000000000000020e+00 5.538749015553553437e-05
1.522999999999999909e+00 5.536369874813243950e-05
1.524000000000000021e+00 5.529391627261322375e-05
1.524999999999999911e+00 5.527015900926525904e-05
1.526000000000000023e+00 5.524640892800166899e-05
1.526999999999999913e+00 5.517672156341907650e-05
1.528000000000000025e+00 5.515300558951647173e-05
1.528999999999999915e+00 5.508339728489611688e-05
1.530000000000000027e+00 5.505971538600389677e-05
1.530999999999999917e+00 5.499017514103335646e-05
1.532000000000000028e+00 5.496652728952455889e-05
1.532999999999999918e+00 5.489706052475471599e-05
1.534000000000000030e+00 5.487344669066537427e-05
1.534999999999999920e+00 5.480405881021622425e-05
1.536000000000000032e+00 5.478047896125116760e-05
1.536999999999999922e+00 5.475690624775794404e-05
1.538000000000000034e+00 5.468761310168474362e-05
1.538999999999999924e+00 5.466407433673654500e-05
1.540000000000000036e+00 5.459485993478098241e-05
1.540999999999999925e+00 5.457416035655558565e-05
1.542000000000000037e+00 5.450781237068223750e-05
1.542999999999999927e+00 5.448714042469779818e-05
1.544000000000000039e+00 5.442085468862296660e-05
1.544999999999999929e+00 5.440021035401011078e-05
1.546000000000000041e+00 5.433399226342811055e-05
1.546999999999999931e+00 5.426780847687169318e-05
1.548000000000000043e+00 5.424721416435782204e-05
1.548999999999999932e+00 5.418109795563603602e-05
1.550000000000000044e+00 5.416053119599235400e-05
1.550999999999999934e+00 5.410899919840102571e-05
1.552000000000000046e+00 5.410298243552359016e-05
1.552999999999999936e+00 5.405146573712082719e-05
1.554000000000000048e+00 5.404545415237190680e-05
1.554999999999999938e+00 5.399395817576968748e-05
1.556000000000000050e+00 5.394246695583639029e-05
1.556999999999999940e+00 5.393646566831190777e-05
1.558000000000000052e+00 5.388498974763817083e-05
1.558999999999999941e+00 5.387899363880756069e-05
1.560000000000000053e+00 5.382753843698396190e-05
1.560999999999999943e+00 5.381868288238497624e-05
1.562000000000000055e+00 5.376437779420790709e-05
1.562999999999999945e+00 5.371009316125210855e-05
1.564000000000000057e+00 5.370125280239982241e-05
1.564999999999999947e+00 5.364698534908594923e-05
1.566000000000000059e+00 5.359273293432755317e-05
1.566999999999999948e+00 5.358390777353669754e-05
1.568000000000000060e+00 5.352968336920358632e-05
1.568999999999999950e+00 5.352086584729230407e-05
1.570000000000000062e+00 5.346665862811011884e-05
1.570999999999999952e+00 5.341247185757313180e-05
1.572000000000000064e+00 5.340366953524557444e-05
1.572999999999999954e+00 5.334949995312313813e-05
1.574000000000000066e+00 5.329534541009542045e-05
1.574999999999999956e+00 5.328655828963495841e-05
1.576000000000000068e+00 5.323243175151125311e-05
1.576999999999999957e+00 5.317831484649137848e-05
1.578000000000000069e+00 5.312421838428231199e-05
1.578999999999999959e+00 5.311545402616283258e-05
1.580000000000000071e+00 5.306137475989294416e-05
1.580999999999999961e+00 5.300941340458035746e-05
1.582000000000000073e+00 5.300276679352810584e-05
1.582999999999999963e+00 5.295082738850129896e-05
1.584000000000000075e+00 5.289889370005543468e-05
1.584999999999999964e+00 5.284697652766767029e-05
1.586000000000000076e+00 5.284034597684836228e-05
1.586999999999999966e+00 5.278843996108905506e-05
1.588000000000000078e+00 5.273654506520613662e-05
1.588999999999999968e+00 5.268466668560422325e-05
1.590000000000000080e+00 5.267805220322698369e-05
1.590999999999999970e+00 5.262618498798266248e-05
1.592000000000000082e+00 5.257432889554135763e-05
1.592999999999999972e+00 5.252248931959591961e-05
1.594000000000000083e+00 5.247065547443096256e-05
1.594999999999999973e+00 5.246406250930089486e-05
1.596000000000000085e+00 5.241225062202875789e-05
1.596999999999999975e+00 5.236044446970427360e-05
1.598000000000000087e+00 5.230864944466271548e-05
1.598999999999999977e+00 5.225687093652828919e-05
1.600000000000000089e+00 5.225029950018706429e-05
1.600437109375000055e+00 5.222858251236687632e-05
1.600999999999999979e+00 5.238722986454051329e-05
1.602000000000000091e+00 5.266859015180606999e-05
1.602999999999999980e+00 5.294931914538383725e-05
1.604000000000000092e+00 5.322942235637468842e-05
1.604999999999999982e+00 5.350890543104719175e-05
1.606000000000000094e+00 5.383453157342071133e-05
1.606999999999999984e+00 5.411304096571475643e-05
1.608000000000000096e+00 5.439093058515271826e-05
1.608999999999999986e+00 5.466818928438933614e-05
1.610000000000000098e+00 5.494482277811768567e-05
1.610999999999999988e+00 5.522083691604929011e-05
1.612000000000000099e+00 5.549622034923161002e-05
1.612999999999999989e+00 5.577098470564589741e-05
1.614000000000000101e+00 5.604511850199614197e-05
1.614999999999999991e+00 5.631862762249878408e-05
1.616000000000000103e+00 5.664111266537629120e-05
1.616999999999999993e+00 5.691366104731674128e-05
1.618000000000000105e+00 5.718557910870892608e-05
1.618999999999999995e+00 5.745687888274456974e-05
1.620000000000000107e+00 5.772754848334937376e-05
1.620999999999999996e+00 5.798695806681528438e-05
1.622000000000000108e+00 5.824565406747459498e-05
1.622999999999999998e+00 5.850362478560724858e-05
1.624000000000000110e+00 5.876087679290953021e-05
1.625000000000000000e+00 5.901741679085238814e-05
1.625999999999999890e+00 5.927323288456214583e-05
1.627000000000000002e+00 5.952833801723373357e-05
1.627999999999999892e+00 5.978272016407350139e-05
1.629000000000000004e+00 6.003638605854066457e-05
1.629999999999999893e+00 6.028934256350404399e-05
1.631000000000000005e+00 6.054157745956362794e-05
1.631999999999999895e+00 6.079310401316494861e-05
1.633000000000000007e+00 6.104390987535276004e-05
1.633999999999999897e+00 6.129400194089244694e-05
1.635000000000000009e+00 6.154338723359392162e-05
1.635999999999999899e+00 6.179205321044252928e-05
1.637000000000000011e+00 6.198466742120092886e-05
1.637999999999999901e+00 6.223163909132308315e-05
1.639000000000000012e+00 6.247790623244069770e-05
1.639999999999999902e+00 6.272345604327470632e-05
1.641000000000000014e+00 6.300543280447177012e-05
1.641999999999999904e+00 6.328699257924495531e-05
1.643000000000000016e+00 6.356814143350975911e-05
1.643999999999999906e+00 6.384888557810732197e-05
1.645000000000000018e+00 6.412921074455948055e-05
1.645999999999999908e+00 6.435115329886193435e-05
1.647000000000000020e+00 6.463034822275278020e-05
1.647999999999999909e+00 6.490913589915886766e-05
1.649000000000000021e+00 6.518750177122711864e-05
1.649999999999999911e+00 6.546545216052952895e-05
1.651000000000000023e+00 6.574299353414965398e-05
1.651999999999999913e+00 6.602011111844892312e-05
1.653000000000000025e+00 6.623670979391629062e-05
1.653999999999999915e+00 6.651268680514852262e-05
1.655000000000000027e+00 6.678825227368777773e-05
1.655999999999999917e+00 6.706339113635966106e-05
1.657000000000000028e+00 6.733811728228881847e-05
1.657999999999999918e+00 6.755077869844603150e-05
1.659000000000000030e+00 6.782435689000549718e-05
1.659999999999999920e+00 6.809750566483978914e-05
1.661000000000000032e+00 6.819740880159597953e-05
1.661999999999999922e+00 6.823320798394717161e-05
1.663000000000000034e+00 6.832986687023408581e-05
1.663999999999999924e+00 6.842497809113001436e-05
1.665000000000000036e+00 6.851856177547105517e-05
1.665999999999999925e+00 6.854748590015266650e-05
1.667000000000000037e+00 6.863787353089899595e-05
1.667999999999999927e+00 6.872673518446822732e-05
1.669000000000000039e+00 6.875054787771380915e-05
1.669999999999999929e+00 6.883624996685445572e-05
1.671000000000000041e+00 6.892045772363090007e-05
1.671999999999999931e+00 6.893920704033348434e-05
1.673000000000000043e+00 6.902029161767288051e-05
1.673999999999999932e+00 6.909988306657808296e-05
1.675000000000000044e+00 6.911364713288547341e-05
1.675999999999999934e+00 6.919015155249545409e-05
1.677000000000000046e+00 6.926519452685227641e-05
1.677999999999999936e+00 6.927402833994534116e-05
1.679000000000000048e+00 6.934601261078643494e-05
1.679999999999999938e+00 6.935155195764417565e-05
1.681000000000000050e+00 6.942349965819868908e-05
1.681999999999999940e+00 6.949395628265333125e-05
1.683000000000000052e+00 6.949752883105167836e-05
1.683999999999999941e+00 6.956487562618146646e-05
1.685000000000000053e+00 6.956509922165477974e-05
1.685999999999999943e+00 6.962935790537198594e-05
1.687000000000000055e+00 6.962626675675047839e-05
1.687999999999999945e+00 6.968745116123635269e-05
1.689000000000000057e+00 6.974717003510838391e-05
1.689999999999999947e+00 6.973920336254422949e-05
1.691000000000000059e+00 6.979589499538428707e-05
1.691999999999999948e+00 6.978466240585874257e-05
1.693000000000000060e+00 6.983834051975837767e-05
1.693999999999999950e+00 6.982388406557686080e-05
1.695000000000000062e+00 6.987456228050675745e-05
1.695999999999999952e+00 6.985690022055985639e-05
1.697000000000000064e+00 6.983759021867589690e-05
1.697999999999999954e+00 6.988376647380283794e-05
1.699000000000000066e+00 6.986129121977160570e-05
1.699999999999999956e+00 6.990453043339740096e-05
1.701000000000000068e+00 6.982572777511136461e-05
1.701999999999999957e+00 6.981259804081730907e-05
1.703000000000000069e+00 6.973030866104508549e-05
1.703999999999999959e+00 6.964626439258023421e-05
1.705000000000000071e+00 6.962807068801389176e-05
1.705999999999999961e+00 6.954059389577049504e-05
1.707000000000000073e+00 6.951907803649149027e-05
1.707999999999999963e+00 6.942820376753616957e-05
1.709000000000000075e+00 6.933562292282717066e-05
1.709999999999999964e+00 6.930915800474643604e-05
1.711000000000000076e+00 6.921323362958632880e-05
1.711999999999999966e+00 6.911563185847135224e-05
1.713000000000000078e+00 6.908428746307576813e-05
1.713999999999999968e+00 6.898339595550109359e-05
1.715000000000000080e+00 6.888085615016515805e-05
1.715999999999999970e+00 6.884470165798288899e-05
1.717000000000000082e+00 6.873892575795594896e-05
1.717999999999999972e+00 6.863153057678153957e-05
1.719000000000000083e+00 6.859063516744363053e-05
1.719999999999999973e+00 6.848005738117143740e-05
1.721000000000000085e+00 6.781477179841044456e-05
1.721999999999999975e+00 6.714656005212991333e-05
1.723000000000000087e+00 6.654199502444503936e-05
1.723999999999999977e+00 6.586749557126821055e-05
1.725000000000000089e+00 6.519016802843780696e-05
1.725999999999999979e+00 6.451005580591109801e-05
1.727000000000000091e+00 6.382718666233350938e-05
1.727999999999999980e+00 6.320538235808679064e-05
1.729000000000000092e+00 6.251654979585315414e-05
1.729999999999999982e+00 6.182506172920726125e-05
1.731000000000000094e+00 6.113096100539450347e-05
1.731999999999999984e+00 6.043427549106185223e-05
1.733000000000000096e+00 5.973504780219734365e-05
1.733999999999999986e+00 5.903330585079915026e-05
1.735000000000000098e+00 5.838879349443721408e-05
1.735999999999999988e+00 5.768153696414653306e-05
1.737000000000000099e+00 5.697186666700023745e-05
1.737999999999999989e+00 5.625982463646837496e-05
1.739000000000000101e+00 5.554544232742526821e-05
1.739999999999999991e+00 5.482875129471719786e-05
1.741000000000000103e+00 5.333957719795729568e-05
1.741999999999999993e+00 5.184678999916892414e-05
1.743000000000000105e+00 5.035046510307851177e-05
1.743999999999999995e+00 4.885066499558023015e-05
1.745000000000000107e+00 4.734746454303745248e-05
1.745999999999999996e+00 4.584092638377006374e-05
1.747000000000000108e+00 4.433112484143715500e-05
1.747999999999999998e+00 4.281812539245701308e-05
1.749000000000000110e+00 4.130199377093562871e-05
1.750000000000000000e+00 3.978280347835933233e-05
1.750999999999999890e+00 3.826061755523443110e-05
1.752000000000000002e+00 3.673550894953637113e-05
1.752999999999999892e+00 3.520754087106571213e-05
1.754000000000000004e+00 3.367678570998311276e-05
1.754999999999999893e+00 3.214330889270530556e-05
1.756000000000000005e+00 3.060717611970341606e-05
1.756999999999999895e+00 2.906845893636965082e-05
1.758000000000000007e+00 2.752722099669371235e-05
1.758999999999999897e+00 2.598353327753974700e-05
1.760000000000000009e+00 2.441112648778372485e-05
1.760999999999999899e+00 2.352303131642595214e-05
1.762000000000000011e+00 2.263341711400445713e-05
1.762999999999999901e+00 2.174232560472398563e-05
1.764000000000000012e+00 2.084979397020450317e-05
1.764999999999999902e+00 1.995585956160668732e-05
1.766000000000000014e+00 1.903973143783613291e-05
1.766999999999999904e+00 1.814404764811306650e-05
1.768000000000000016e+00 1.724708355555636699e-05
1.768999999999999906e+00 1.634887653324472283e-05
1.770000000000000018e+00 1.543241399314478597e-05
1.770999999999999908e+00 1.453279806042564354e-05
1.772000000000000020e+00 1.363206081650632543e-05
1.772999999999999909e+00 1.273023966205386429e-05
1.774000000000000021e+00 1.181418923017255290e-05
1.774999999999999911e+00 1.091129709195142189e-05
1.776000000000000023e+00 1.000744259100322393e-05
1.776999999999999913e+00 9.102662375315404255e-06
1.778000000000000025e+00 8.187764986221910375e-06
1.778999999999999915e+00 7.282250980439058878e-06
1.780000000000000027e+00 6.375931711390790255e-06
1.780999999999999917e+00 6.133796351591888450e-06
1.782000000000000028e+00 5.898629675470547043e-06
1.782999999999999918e+00 5.656755340076563290e-06
1.784000000000000030e+00 5.421368414963436738e-06
1.784999999999999920e+00 5.185759867545651607e-06
1.786000000000000032e+00 4.944243903263423585e-06
1.786999999999999922e+00 4.708481918850274280e-06
1.788000000000000034e+00 4.467352908170937659e-06
1.788999999999999924e+00 4.231482210486533719e-06
1.790000000000000036e+00 3.990790862493757601e-06
1.790999999999999925e+00 3.754856424224644724e-06
1.792000000000000037e+00 3.514653314614633199e-06
1.792999999999999927e+00 3.278699987391779952e-06
1.794000000000000039e+00 3.039035558613318836e-06
1.794999999999999929e+00 2.803108073141510257e-06
1.796000000000000041e+00 2.564032634535978669e-06
1.796999999999999931e+00 2.328175600723150151e-06
1.798000000000000043e+00 2.089739328664450358e-06
1.798999999999999932e+00 1.853997235750966898e-06
1.800000000000000044e+00 1.616250173785407359e-06
1.800100000000000033e+00 0.000000000000000000e+00
1.800200000000000022e+00 0.000000000000000000e+00
1.820000000000000062e+00 0.000000000000000000e+00
1.840000000000000080e+00 0.000000000000000000e+00
1.860000000000000098e+00 0.000000000000000000e+00
1.879999999999999893e+00 0.000000000000000000e+00
1.899999999999999911e+00 0.000000000000000000e+00
1.915522851562500017e+00 0.000000000000000000e+00
1.919999999999999929e+00 0.000000000000000000e+00
1.920524218750000012e+00 0.000000000000000000e+00
1.925525585937500006e+00 0.000000000000000000e+00
1.930526953125000000e+00 0.000000000000000000e+00
1.935528320312499995e+00 0.000000000000000000e+00
1.939999999999999947e+00 0.000000000000000000e+00
1.940529687499999989e+00 0.000000000000000000e+00
1.945531054687499983e+00 0.000000000000000000e+00
1.950532421874999978e+00 0.000000000000000000e+00
1.955533789062499972e+00 0.000000000000000000e+00
1.959999999999999964e+00 0.000000000000000000e+00
1.960535156249999966e+00 0.000000000000000000e+00
1.965536328125000010e+00 0.000000000000000000e+00
1.970537890624999955e+00 0.000000000000000000e+00
1.975539257812499949e+00 0.000000000000000000e+00
1.979999999999999982e+00 0.000000000000000000e+00
1.980540429687499993e+00 0.000000000000000000e+00
1.985541992187499938e+00 0.000000000000000000e+00
1.990543164062499981e+00 0.000000000000000000e+00
1.995544531249999975e+00 0.000000000000000000e+00
2.000000000000000000e+00 0.000000000000000000e+00
2.000100000000000211e+00 0.000000000000000000e+00
2.000199999999999978e+00 0.000000000000000000e+00
2.000546093750000143e+00 0.000000000000000000e+00
2.000646093749999910e+00 0.000000000000000000e+00
2.000746093750000121e+00 0.000000000000000000e+00
3.000000000000000000e+00 0.000000000000000000e+00
3.000999999999999890e+00 0.000000000000000000e+00
