# WAVELENGTH THROUGHPUT
5.000000000000000278e-02 0.000000000000000000e+00
9.979999999999999982e-02 0.000000000000000000e+00
9.990000000000000269e-02 0.000000000000000000e+00
1.000000000000000056e-01 0.000000000000000000e+00
1.010000000000000064e-01 0.000000000000000000e+00
1.019999999999999934e-01 0.000000000000000000e+00
1.029999999999999943e-01 0.000000000000000000e+00
1.039999999999999952e-01 0.000000000000000000e+00
1.049999999999999961e-01 0.000000000000000000e+00
1.059999999999999970e-01 0.000000000000000000e+00
1.069999999999999979e-01 0.000000000000000000e+00
1.079999999999999988e-01 0.000000000000000000e+00
1.089999999999999997e-01 0.000000000000000000e+00
1.100000000000000006e-01 0.000000000000000000e+00
1.110000000000000014e-01 0.000000000000000000e+00
1.120000000000000023e-01 0.000000000000000000e+00
1.130000000000000032e-01 0.000000000000000000e+00
1.140000000000000041e-01 0.000000000000000000e+00
1.150000000000000050e-01 0.000000000000000000e+00
1.160000000000000059e-01 0.000000000000000000e+00
1.170000000000000068e-01 0.000000000000000000e+00
1.179999999999999938e-01 0.000000000000000000e+00
1.189999999999999947e-01 0.000000000000000000e+00
1.199999999999999956e-01 0.000000000000000000e+00
1.209999999999999964e-01 0.000000000000000000e+00
1.219999999999999973e-01 0.000000000000000000e+00
1.229999999999999982e-01 0.000000000000000000e+00
1.239999999999999991e-01 0.000000000000000000e+00
1.250000000000000000e-01 0.000000000000000000e+00
1.260000000000000009e-01 0.000000000000000000e+00
1.270000000000000018e-01 0.000000000000000000e+00
1.280000000000000027e-01 0.000000000000000000e+00
1.290000000000000036e-01 0.000000000000000000e+00
1.300000000000000044e-01 0.000000000000000000e+00
1.310000000000000053e-01 0.000000000000000000e+00
1.320000000000000062e-01 0.000000000000000000e+00
1.330000000000000071e-01 0.000000000000000000e+00
1.340000000000000080e-01 0.000000000000000000e+00
1.350000000000000089e-01 0.000000000000000000e+00
1.360000000000000098e-01 0.000000000000000000e+00
1.370000000000000107e-01 0.000000000000000000e+00
1.380000000000000115e-01 0.000000000000000000e+00
1.390000000000000124e-01 0.000000000000000000e+00
1.400000000000000133e-01 0.000000000000000000e+00
1.409999999999999865e-01 0.000000000000000000e+00
1.419999999999999873e-01 0.000000000000000000e+00
1.429999999999999882e-01 0.000000000000000000e+00
1.439999999999999891e-01 0.000000000000000000e+00
1.449999999999999900e-01 0.000000000000000000e+00
1.459999999999999909e-01 0.000000000000000000e+00
1.469999999999999918e-01 0.000000000000000000e+00
1.479999999999999927e-01 0.000000000000000000e+00
1.489999999999999936e-01 0.000000000000000000e+00
1.499999999999999944e-01 0.000000000000000000e+00
1.509999999999999953e-01 0.000000000000000000e+00
1.519999999999999962e-01 0.000000000000000000e+00
1.529999999999999971e-01 0.000000000000000000e+00
1.539999999999999980e-01 0.000000000000000000e+00
1.549999999999999989e-01 0.000000000000000000e+00
1.559999999999999998e-01 0.000000000000000000e+00
1.570000000000000007e-01 0.000000000000000000e+00
1.580000000000000016e-01 0.000000000000000000e+00
1.590000000000000024e-01 0.000000000000000000e+00
1.600000000000000033e-01 0.000000000000000000e+00
1.610000000000000042e-01 0.000000000000000000e+00
1.620000000000000051e-01 0.000000000000000000e+00
1.630000000000000060e-01 0.000000000000000000e+00
1.640000000000000069e-01 0.000000000000000000e+00
1.650000000000000078e-01 0.000000000000000000e+00
1.660000000000000087e-01 0.000000000000000000e+00
1.670000000000000095e-01 0.000000000000000000e+00
1.680000000000000104e-01 0.000000000000000000e+00
1.690000000000000113e-01 0.000000000000000000e+00
1.700000000000000122e-01 0.000000000000000000e+00
1.710000000000000131e-01 0.000000000000000000e+00
1.719999999999999862e-01 0.000000000000000000e+00
1.729999999999999871e-01 0.000000000000000000e+00
1.739999999999999880e-01 0.000000000000000000e+00
1.749999999999999889e-01 0.000000000000000000e+00
1.759999999999999898e-01 0.000000000000000000e+00
1.769999999999999907e-01 0.000000000000000000e+00
1.779999999999999916e-01 0.000000000000000000e+00
1.789999999999999925e-01 0.000000000000000000e+00
1.799999999999999933e-01 0.000000000000000000e+00
1.809999999999999942e-01 0.000000000000000000e+00
1.819999999999999951e-01 0.000000000000000000e+00
1.829999999999999960e-01 0.000000000000000000e+00
1.839999999999999969e-01 0.000000000000000000e+00
1.849999999999999978e-01 0.000000000000000000e+00
1.859999999999999987e-01 0.000000000000000000e+00
1.869999999999999996e-01 0.000000000000000000e+00
1.880000000000000004e-01 0.000000000000000000e+00
1.890000000000000013e-01 0.000000000000000000e+00
1.900000000000000022e-01 0.000000000000000000e+00
1.910000000000000031e-01 0.000000000000000000e+00
1.920000000000000040e-01 0.000000000000000000e+00
1.930000000000000049e-01 0.000000000000000000e+00
1.940000000000000058e-01 0.000000000000000000e+00
1.950000000000000067e-01 0.000000000000000000e+00
1.960000000000000075e-01 0.000000000000000000e+00
1.970000000000000084e-01 0.000000000000000000e+00
1.980000000000000093e-01 0.000000000000000000e+00
1.988000000000000045e-01 0.000000000000000000e+00
1.988999999999999935e-01 0.000000000000000000e+00
1.990000000000000102e-01 0.000000000000000000e+00
2.000000000000000111e-01 0.000000000000000000e+00
2.010000000000000120e-01 0.000000000000000000e+00
2.020000000000000129e-01 0.000000000000000000e+00
2.030000000000000138e-01 0.000000000000000000e+00
2.039999999999999869e-01 0.000000000000000000e+00
2.049999999999999878e-01 0.000000000000000000e+00
2.059999999999999887e-01 0.000000000000000000e+00
2.069999999999999896e-01 0.000000000000000000e+00
2.079999999999999905e-01 0.000000000000000000e+00
2.089999999999999913e-01 0.000000000000000000e+00
2.099999999999999922e-01 0.000000000000000000e+00
2.109999999999999931e-01 0.000000000000000000e+00
2.119999999999999940e-01 0.000000000000000000e+00
2.129999999999999949e-01 0.000000000000000000e+00
2.139999999999999958e-01 0.000000000000000000e+00
2.149999999999999967e-01 0.000000000000000000e+00
2.159999999999999976e-01 0.000000000000000000e+00
2.169999999999999984e-01 0.000000000000000000e+00
2.179999999999999993e-01 0.000000000000000000e+00
2.190000000000000002e-01 0.000000000000000000e+00
2.200000000000000011e-01 0.000000000000000000e+00
2.210000000000000020e-01 0.000000000000000000e+00
2.220000000000000029e-01 0.000000000000000000e+00
2.230000000000000038e-01 0.000000000000000000e+00
2.240000000000000047e-01 0.000000000000000000e+00
2.250000000000000056e-01 0.000000000000000000e+00
2.260000000000000064e-01 0.000000000000000000e+00
2.270000000000000073e-01 0.000000000000000000e+00
2.280000000000000082e-01 0.000000000000000000e+00
2.290000000000000091e-01 0.000000000000000000e+00
2.300000000000000100e-01 0.000000000000000000e+00
2.310000000000000109e-01 0.000000000000000000e+00
2.320000000000000118e-01 0.000000000000000000e+00
2.330000000000000127e-01 0.000000000000000000e+00
2.340000000000000135e-01 0.000000000000000000e+00
2.349999999999999867e-01 0.000000000000000000e+00
2.359999999999999876e-01 0.000000000000000000e+00
2.369999999999999885e-01 0.000000000000000000e+00
2.379999999999999893e-01 0.000000000000000000e+00
2.389999999999999902e-01 0.000000000000000000e+00
2.399999999999999911e-01 0.000000000000000000e+00
2.409999999999999920e-01 0.000000000000000000e+00
2.419999999999999929e-01 0.000000000000000000e+00
2.429999999999999938e-01 0.000000000000000000e+00
2.439999999999999947e-01 0.000000000000000000e+00
2.449999999999999956e-01 0.000000000000000000e+00
2.459999999999999964e-01 0.000000000000000000e+00
2.469999999999999973e-01 0.000000000000000000e+00
2.479999999999999982e-01 0.000000000000000000e+00
2.489999999999999991e-01 0.000000000000000000e+00
2.500000000000000000e-01 0.000000000000000000e+00
2.510000000000000009e-01 0.000000000000000000e+00
2.520000000000000018e-01 0.000000000000000000e+00
2.530000000000000027e-01 0.000000000000000000e+00
2.540000000000000036e-01 0.000000000000000000e+00
2.550000000000000044e-01 0.000000000000000000e+00
2.560000000000000053e-01 0.000000000000000000e+00
2.570000000000000062e-01 0.000000000000000000e+00
2.580000000000000071e-01 0.000000000000000000e+00
2.590000000000000080e-01 0.000000000000000000e+00
2.600000000000000089e-01 0.000000000000000000e+00
2.610000000000000098e-01 0.000000000000000000e+00
2.620000000000000107e-01 0.000000000000000000e+00
2.630000000000000115e-01 0.000000000000000000e+00
2.640000000000000124e-01 0.000000000000000000e+00
2.650000000000000133e-01 0.000000000000000000e+00
2.660000000000000142e-01 0.000000000000000000e+00
2.670000000000000151e-01 0.000000000000000000e+00
2.680000000000000160e-01 0.000000000000000000e+00
2.690000000000000169e-01 0.000000000000000000e+00
2.700000000000000178e-01 0.000000000000000000e+00
2.710000000000000187e-01 0.000000000000000000e+00
2.720000000000000195e-01 0.000000000000000000e+00
2.730000000000000204e-01 0.000000000000000000e+00
2.740000000000000213e-01 0.000000000000000000e+00
2.750000000000000222e-01 0.000000000000000000e+00
2.760000000000000231e-01 0.000000000000000000e+00
2.770000000000000240e-01 0.000000000000000000e+00
2.780000000000000249e-01 0.000000000000000000e+00
2.790000000000000258e-01 0.000000000000000000e+00
2.800000000000000266e-01 0.000000000000000000e+00
2.810000000000000275e-01 0.000000000000000000e+00
2.819999999999999729e-01 0.000000000000000000e+00
2.829999999999999738e-01 0.000000000000000000e+00
2.839999999999999747e-01 0.000000000000000000e+00
2.849999999999999756e-01 0.000000000000000000e+00
2.859999999999999765e-01 0.000000000000000000e+00
2.869999999999999774e-01 0.000000000000000000e+00
2.879999999999999782e-01 0.000000000000000000e+00
2.889999999999999791e-01 0.000000000000000000e+00
2.899999999999999800e-01 0.000000000000000000e+00
2.909999999999999809e-01 0.000000000000000000e+00
2.919999999999999818e-01 0.000000000000000000e+00
2.929999999999999827e-01 0.000000000000000000e+00
2.939999999999999836e-01 0.000000000000000000e+00
2.949999999999999845e-01 0.000000000000000000e+00
2.959999999999999853e-01 0.000000000000000000e+00
2.969999999999999862e-01 0.000000000000000000e+00
2.979999999999999871e-01 0.000000000000000000e+00
2.989999999999999880e-01 0.000000000000000000e+00
2.999999999999999889e-01 0.000000000000000000e+00
3.009999999999999898e-01 0.000000000000000000e+00
3.019999999999999907e-01 0.000000000000000000e+00
3.029999999999999916e-01 0.000000000000000000e+00
3.039999999999999925e-01 0.000000000000000000e+00
3.049999999999999933e-01 0.000000000000000000e+00
3.059999999999999942e-01 0.000000000000000000e+00
3.069999999999999951e-01 0.000000000000000000e+00
3.079999999999999960e-01 0.000000000000000000e+00
3.089999999999999969e-01 0.000000000000000000e+00
3.099999999999999978e-01 0.000000000000000000e+00
3.109999999999999987e-01 0.000000000000000000e+00
3.119999999999999996e-01 0.000000000000000000e+00
3.130000000000000004e-01 0.000000000000000000e+00
3.140000000000000013e-01 0.000000000000000000e+00
3.150000000000000022e-01 0.000000000000000000e+00
3.160000000000000031e-01 0.000000000000000000e+00
3.170000000000000040e-01 0.000000000000000000e+00
3.180000000000000049e-01 0.000000000000000000e+00
3.190000000000000058e-01 0.000000000000000000e+00
3.200000000000000067e-01 0.000000000000000000e+00
3.210000000000000075e-01 0.000000000000000000e+00
3.220000000000000084e-01 0.000000000000000000e+00
3.230000000000000093e-01 0.000000000000000000e+00
3.240000000000000102e-01 0.000000000000000000e+00
3.250000000000000111e-01 0.000000000000000000e+00
3.260000000000000120e-01 0.000000000000000000e+00
3.270000000000000129e-01 0.000000000000000000e+00
3.280000000000000138e-01 0.000000000000000000e+00
3.290000000000000147e-01 0.000000000000000000e+00
3.300000000000000155e-01 0.000000000000000000e+00
3.310000000000000164e-01 0.000000000000000000e+00
3.320000000000000173e-01 0.000000000000000000e+00
3.330000000000000182e-01 0.000000000000000000e+00
3.340000000000000191e-01 0.000000000000000000e+00
3.350000000000000200e-01 0.000000000000000000e+00
3.360000000000000209e-01 0.000000000000000000e+00
3.370000000000000218e-01 0.000000000000000000e+00
3.380000000000000226e-01 0.000000000000000000e+00
3.390000000000000235e-01 0.000000000000000000e+00
3.400000000000000244e-01 0.000000000000000000e+00
3.410000000000000253e-01 0.000000000000000000e+00
3.420000000000000262e-01 0.000000000000000000e+00
3.430000000000000271e-01 0.000000000000000000e+00
3.439999999999999725e-01 0.000000000000000000e+00
3.449999999999999734e-01 0.000000000000000000e+00
3.459999999999999742e-01 0.000000000000000000e+00
3.469999999999999751e-01 0.000000000000000000e+00
3.479999999999999760e-01 0.000000000000000000e+00
3.489999999999999769e-01 0.000000000000000000e+00
3.499999999999999778e-01 0.000000000000000000e+00
3.509999999999999787e-01 0.000000000000000000e+00
3.519999999999999796e-01 0.000000000000000000e+00
3.529999999999999805e-01 0.000000000000000000e+00
3.539999999999999813e-01 0.000000000000000000e+00
3.549999999999999822e-01 0.000000000000000000e+00
3.559999999999999831e-01 0.000000000000000000e+00
3.569999999999999840e-01 0.000000000000000000e+00
3.579999999999999849e-01 0.000000000000000000e+00
3.589999999999999858e-01 0.000000000000000000e+00
3.599999999999999867e-01 0.000000000000000000e+00
3.609999999999999876e-01 0.000000000000000000e+00
3.619999999999999885e-01 0.000000000000000000e+00
3.629999999999999893e-01 0.000000000000000000e+00
3.639999999999999902e-01 0.000000000000000000e+00
3.649999999999999911e-01 0.000000000000000000e+00
3.659999999999999920e-01 0.000000000000000000e+00
3.669999999999999929e-01 0.000000000000000000e+00
3.679999999999999938e-01 0.000000000000000000e+00
3.689999999999999947e-01 0.000000000000000000e+00
3.699999999999999956e-01 0.000000000000000000e+00
3.709999999999999964e-01 0.000000000000000000e+00
3.719999999999999973e-01 0.000000000000000000e+00
3.729999999999999982e-01 0.000000000000000000e+00
3.739999999999999991e-01 0.000000000000000000e+00
3.750000000000000000e-01 0.000000000000000000e+00
3.760000000000000009e-01 0.000000000000000000e+00
3.770000000000000018e-01 0.000000000000000000e+00
3.780000000000000027e-01 0.000000000000000000e+00
3.790000000000000036e-01 0.000000000000000000e+00
3.800000000000000044e-01 0.000000000000000000e+00
3.810000000000000053e-01 0.000000000000000000e+00
3.820000000000000062e-01 0.000000000000000000e+00
3.830000000000000071e-01 0.000000000000000000e+00
3.840000000000000080e-01 0.000000000000000000e+00
3.850000000000000089e-01 0.000000000000000000e+00
3.860000000000000098e-01 0.000000000000000000e+00
3.870000000000000107e-01 0.000000000000000000e+00
3.880000000000000115e-01 0.000000000000000000e+00
3.890000000000000124e-01 0.000000000000000000e+00
3.900000000000000133e-01 0.000000000000000000e+00
3.910000000000000142e-01 0.000000000000000000e+00
3.920000000000000151e-01 0.000000000000000000e+00
3.930000000000000160e-01 0.000000000000000000e+00
3.940000000000000169e-01 0.000000000000000000e+00
3.950000000000000178e-01 0.000000000000000000e+00
3.960000000000000187e-01 0.000000000000000000e+00
3.970000000000000195e-01 0.000000000000000000e+00
3.980000000000000204e-01 0.000000000000000000e+00
3.990000000000000213e-01 0.000000000000000000e+00
3.997999999999999887e-01 0.000000000000000000e+00
3.998999999999999777e-01 0.000000000000000000e+00
4.000000000000000222e-01 0.000000000000000000e+00
4.010000000000000231e-01 0.000000000000000000e+00
4.020000000000000240e-01 0.000000000000000000e+00
4.030000000000000249e-01 0.000000000000000000e+00
4.040000000000000258e-01 0.000000000000000000e+00
4.050000000000000266e-01 0.000000000000000000e+00
4.060000000000000275e-01 0.000000000000000000e+00
4.069999999999999729e-01 0.000000000000000000e+00
4.079999999999999738e-01 0.000000000000000000e+00
4.089999999999999747e-01 0.000000000000000000e+00
4.099999999999999756e-01 0.000000000000000000e+00
4.109999999999999765e-01 0.000000000000000000e+00
4.119999999999999774e-01 0.000000000000000000e+00
4.129999999999999782e-01 0.000000000000000000e+00
4.139999999999999791e-01 0.000000000000000000e+00
4.149999999999999800e-01 0.000000000000000000e+00
4.159999999999999809e-01 0.000000000000000000e+00
4.169999999999999818e-01 0.000000000000000000e+00
4.179999999999999827e-01 0.000000000000000000e+00
4.189999999999999836e-01 0.000000000000000000e+00
4.199999999999999845e-01 0.000000000000000000e+00
4.209999999999999853e-01 0.000000000000000000e+00
4.219999999999999862e-01 0.000000000000000000e+00
4.229999999999999871e-01 0.000000000000000000e+00
4.239999999999999880e-01 0.000000000000000000e+00
4.249999999999999889e-01 0.000000000000000000e+00
4.259999999999999898e-01 0.000000000000000000e+00
4.269999999999999907e-01 0.000000000000000000e+00
4.279999999999999916e-01 0.000000000000000000e+00
4.289999999999999925e-01 0.000000000000000000e+00
4.299999999999999933e-01 0.000000000000000000e+00
4.309999999999999942e-01 0.000000000000000000e+00
4.319999999999999951e-01 0.000000000000000000e+00
4.329999999999999960e-01 0.000000000000000000e+00
4.339999999999999969e-01 0.000000000000000000e+00
4.349999999999999978e-01 0.000000000000000000e+00
4.359999999999999987e-01 0.000000000000000000e+00
4.369999999999999996e-01 0.000000000000000000e+00
4.380000000000000004e-01 0.000000000000000000e+00
4.390000000000000013e-01 0.000000000000000000e+00
4.400000000000000022e-01 0.000000000000000000e+00
4.410000000000000031e-01 0.000000000000000000e+00
4.420000000000000040e-01 0.000000000000000000e+00
4.430000000000000049e-01 0.000000000000000000e+00
4.440000000000000058e-01 0.000000000000000000e+00
4.450000000000000067e-01 0.000000000000000000e+00
4.460000000000000075e-01 0.000000000000000000e+00
4.470000000000000084e-01 0.000000000000000000e+00
4.480000000000000093e-01 0.000000000000000000e+00
4.490000000000000102e-01 0.000000000000000000e+00
4.500000000000000111e-01 0.000000000000000000e+00
4.510000000000000120e-01 0.000000000000000000e+00
4.520000000000000129e-01 0.000000000000000000e+00
4.530000000000000138e-01 0.000000000000000000e+00
4.540000000000000147e-01 0.000000000000000000e+00
4.550000000000000155e-01 0.000000000000000000e+00
4.560000000000000164e-01 0.000000000000000000e+00
4.570000000000000173e-01 0.000000000000000000e+00
4.580000000000000182e-01 0.000000000000000000e+00
4.590000000000000191e-01 0.000000000000000000e+00
4.600000000000000200e-01 0.000000000000000000e+00
4.610000000000000209e-01 0.000000000000000000e+00
4.620000000000000218e-01 0.000000000000000000e+00
4.630000000000000226e-01 0.000000000000000000e+00
4.640000000000000235e-01 0.000000000000000000e+00
4.650000000000000244e-01 0.000000000000000000e+00
4.660000000000000253e-01 0.000000000000000000e+00
4.670000000000000262e-01 0.000000000000000000e+00
4.680000000000000271e-01 0.000000000000000000e+00
4.689999999999999725e-01 0.000000000000000000e+00
4.699999999999999734e-01 0.000000000000000000e+00
4.709999999999999742e-01 0.000000000000000000e+00
4.719999999999999751e-01 0.000000000000000000e+00
4.729999999999999760e-01 0.000000000000000000e+00
4.739999999999999769e-01 0.000000000000000000e+00
4.749999999999999778e-01 0.000000000000000000e+00
4.759999999999999787e-01 0.000000000000000000e+00
4.769999999999999796e-01 0.000000000000000000e+00
4.779999999999999805e-01 0.000000000000000000e+00
4.789999999999999813e-01 0.000000000000000000e+00
4.799999999999999822e-01 0.000000000000000000e+00
4.809999999999999831e-01 0.000000000000000000e+00
4.819999999999999840e-01 0.000000000000000000e+00
4.829999999999999849e-01 0.000000000000000000e+00
4.839999999999999858e-01 0.000000000000000000e+00
4.849999999999999867e-01 0.000000000000000000e+00
4.859999999999999876e-01 0.000000000000000000e+00
4.869999999999999885e-01 0.000000000000000000e+00
4.879999999999999893e-01 0.000000000000000000e+00
4.889999999999999902e-01 0.000000000000000000e+00
4.899999999999999911e-01 0.000000000000000000e+00
4.909999999999999920e-01 0.000000000000000000e+00
4.919999999999999929e-01 0.000000000000000000e+00
4.929999999999999938e-01 0.000000000000000000e+00
4.939999999999999947e-01 0.000000000000000000e+00
4.949999999999999956e-01 0.000000000000000000e+00
4.959999999999999964e-01 0.000000000000000000e+00
4.969999999999999973e-01 0.000000000000000000e+00
4.979999999999999982e-01 0.000000000000000000e+00
4.989999999999999991e-01 0.000000000000000000e+00
5.000000000000000000e-01 0.000000000000000000e+00
5.010000000000000009e-01 0.000000000000000000e+00
5.020000000000000018e-01 0.000000000000000000e+00
5.030000000000000027e-01 0.000000000000000000e+00
5.040000000000000036e-01 0.000000000000000000e+00
5.050000000000000044e-01 0.000000000000000000e+00
5.060000000000000053e-01 0.000000000000000000e+00
5.070000000000000062e-01 0.000000000000000000e+00
5.080000000000000071e-01 0.000000000000000000e+00
5.090000000000000080e-01 0.000000000000000000e+00
5.100000000000000089e-01 0.000000000000000000e+00
5.110000000000000098e-01 0.000000000000000000e+00
5.120000000000000107e-01 0.000000000000000000e+00
5.130000000000000115e-01 0.000000000000000000e+00
5.140000000000000124e-01 0.000000000000000000e+00
5.150000000000000133e-01 0.000000000000000000e+00
5.160000000000000142e-01 0.000000000000000000e+00
5.170000000000000151e-01 0.000000000000000000e+00
5.180000000000000160e-01 0.000000000000000000e+00
5.190000000000000169e-01 0.000000000000000000e+00
5.200000000000000178e-01 0.000000000000000000e+00
5.210000000000000187e-01 0.000000000000000000e+00
5.220000000000000195e-01 0.000000000000000000e+00
5.230000000000000204e-01 0.000000000000000000e+00
5.240000000000000213e-01 0.000000000000000000e+00
5.250000000000000222e-01 0.000000000000000000e+00
5.260000000000000231e-01 0.000000000000000000e+00
5.270000000000000240e-01 0.000000000000000000e+00
5.280000000000000249e-01 0.000000000000000000e+00
5.290000000000000258e-01 0.000000000000000000e+00
5.300000000000000266e-01 0.000000000000000000e+00
5.310000000000000275e-01 0.000000000000000000e+00
5.320000000000000284e-01 0.000000000000000000e+00
5.330000000000000293e-01 0.000000000000000000e+00
5.340000000000000302e-01 0.000000000000000000e+00
5.350000000000000311e-01 0.000000000000000000e+00
5.360000000000000320e-01 0.000000000000000000e+00
5.370000000000000329e-01 0.000000000000000000e+00
5.380000000000000338e-01 0.000000000000000000e+00
5.390000000000000346e-01 0.000000000000000000e+00
5.400000000000000355e-01 0.000000000000000000e+00
5.410000000000000364e-01 0.000000000000000000e+00
5.420000000000000373e-01 0.000000000000000000e+00
5.430000000000000382e-01 0.000000000000000000e+00
5.440000000000000391e-01 0.000000000000000000e+00
5.450000000000000400e-01 0.000000000000000000e+00
5.460000000000000409e-01 0.000000000000000000e+00
5.470000000000000417e-01 0.000000000000000000e+00
5.480000000000000426e-01 0.000000000000000000e+00
5.490000000000000435e-01 0.000000000000000000e+00
5.500000000000000444e-01 0.000000000000000000e+00
5.510000000000000453e-01 0.000000000000000000e+00
5.520000000000000462e-01 0.000000000000000000e+00
5.530000000000000471e-01 0.000000000000000000e+00
5.540000000000000480e-01 0.000000000000000000e+00
5.550000000000000488e-01 0.000000000000000000e+00
5.560000000000000497e-01 0.000000000000000000e+00
5.570000000000000506e-01 0.000000000000000000e+00
5.580000000000000515e-01 0.000000000000000000e+00
5.590000000000000524e-01 0.000000000000000000e+00
5.600000000000000533e-01 0.000000000000000000e+00
5.610000000000000542e-01 0.000000000000000000e+00
5.620000000000000551e-01 0.000000000000000000e+00
5.629999999999999449e-01 0.000000000000000000e+00
5.639999999999999458e-01 0.000000000000000000e+00
5.649999999999999467e-01 0.000000000000000000e+00
5.659999999999999476e-01 0.000000000000000000e+00
5.669999999999999485e-01 0.000000000000000000e+00
5.679999999999999494e-01 0.000000000000000000e+00
5.689999999999999503e-01 0.000000000000000000e+00
5.699999999999999512e-01 0.000000000000000000e+00
5.709999999999999520e-01 0.000000000000000000e+00
5.719999999999999529e-01 0.000000000000000000e+00
5.729999999999999538e-01 0.000000000000000000e+00
5.739999999999999547e-01 0.000000000000000000e+00
5.749999999999999556e-01 0.000000000000000000e+00
5.759999999999999565e-01 0.000000000000000000e+00
5.769999999999999574e-01 0.000000000000000000e+00
5.779999999999999583e-01 0.000000000000000000e+00
5.789999999999999591e-01 0.000000000000000000e+00
5.799999999999999600e-01 0.000000000000000000e+00
5.809999999999999609e-01 0.000000000000000000e+00
5.819999999999999618e-01 0.000000000000000000e+00
5.829999999999999627e-01 0.000000000000000000e+00
5.839999999999999636e-01 0.000000000000000000e+00
5.849999999999999645e-01 0.000000000000000000e+00
5.859999999999999654e-01 0.000000000000000000e+00
5.869999999999999662e-01 0.000000000000000000e+00
5.879999999999999671e-01 0.000000000000000000e+00
5.889999999999999680e-01 0.000000000000000000e+00
5.899999999999999689e-01 0.000000000000000000e+00
5.909999999999999698e-01 0.000000000000000000e+00
5.919999999999999707e-01 0.000000000000000000e+00
5.929999999999999716e-01 0.000000000000000000e+00
5.939999999999999725e-01 0.000000000000000000e+00
5.949999999999999734e-01 0.000000000000000000e+00
5.959999999999999742e-01 0.000000000000000000e+00
5.969999999999999751e-01 0.000000000000000000e+00
5.979999999999999760e-01 0.000000000000000000e+00
5.989999999999999769e-01 0.000000000000000000e+00
5.999999999999999778e-01 0.000000000000000000e+00
6.009999999999999787e-01 0.000000000000000000e+00
6.019999999999999796e-01 0.000000000000000000e+00
6.029999999999999805e-01 0.000000000000000000e+00
6.039999999999999813e-01 0.000000000000000000e+00
6.049999999999999822e-01 0.000000000000000000e+00
6.059999999999999831e-01 0.000000000000000000e+00
6.069999999999999840e-01 0.000000000000000000e+00
6.079999999999999849e-01 0.000000000000000000e+00
6.089999999999999858e-01 0.000000000000000000e+00
6.099999999999999867e-01 0.000000000000000000e+00
6.109999999999999876e-01 0.000000000000000000e+00
6.119999999999999885e-01 0.000000000000000000e+00
6.129999999999999893e-01 0.000000000000000000e+00
6.139999999999999902e-01 0.000000000000000000e+00
6.149999999999999911e-01 0.000000000000000000e+00
6.159999999999999920e-01 0.000000000000000000e+00
6.169999999999999929e-01 0.000000000000000000e+00
6.179999999999999938e-01 0.000000000000000000e+00
6.189999999999999947e-01 0.000000000000000000e+00
6.199999999999999956e-01 0.000000000000000000e+00
6.209999999999999964e-01 0.000000000000000000e+00
6.219999999999999973e-01 0.000000000000000000e+00
6.229999999999999982e-01 0.000000000000000000e+00
6.239999999999999991e-01 0.000000000000000000e+00
6.250000000000000000e-01 0.000000000000000000e+00
6.260000000000000009e-01 0.000000000000000000e+00
6.270000000000000018e-01 0.000000000000000000e+00
6.280000000000000027e-01 0.000000000000000000e+00
6.290000000000000036e-01 0.000000000000000000e+00
6.300000000000000044e-01 0.000000000000000000e+00
6.310000000000000053e-01 0.000000000000000000e+00
6.320000000000000062e-01 0.000000000000000000e+00
6.330000000000000071e-01 0.000000000000000000e+00
6.340000000000000080e-01 0.000000000000000000e+00
6.350000000000000089e-01 0.000000000000000000e+00
6.360000000000000098e-01 0.000000000000000000e+00
6.370000000000000107e-01 0.000000000000000000e+00
6.380000000000000115e-01 0.000000000000000000e+00
6.390000000000000124e-01 0.000000000000000000e+00
6.400000000000000133e-01 0.000000000000000000e+00
6.410000000000000142e-01 0.000000000000000000e+00
6.420000000000000151e-01 0.000000000000000000e+00
6.430000000000000160e-01 0.000000000000000000e+00
6.440000000000000169e-01 0.000000000000000000e+00
6.450000000000000178e-01 0.000000000000000000e+00
6.460000000000000187e-01 0.000000000000000000e+00
6.470000000000000195e-01 0.000000000000000000e+00
6.480000000000000204e-01 0.000000000000000000e+00
6.490000000000000213e-01 0.000000000000000000e+00
6.500000000000000222e-01 0.000000000000000000e+00
6.510000000000000231e-01 0.000000000000000000e+00
6.520000000000000240e-01 0.000000000000000000e+00
6.530000000000000249e-01 0.000000000000000000e+00
6.540000000000000258e-01 0.000000000000000000e+00
6.550000000000000266e-01 0.000000000000000000e+00
6.560000000000000275e-01 0.000000000000000000e+00
6.570000000000000284e-01 0.000000000000000000e+00
6.580000000000000293e-01 0.000000000000000000e+00
6.590000000000000302e-01 0.000000000000000000e+00
6.600000000000000311e-01 0.000000000000000000e+00
6.610000000000000320e-01 0.000000000000000000e+00
6.620000000000000329e-01 0.000000000000000000e+00
6.630000000000000338e-01 0.000000000000000000e+00
6.640000000000000346e-01 0.000000000000000000e+00
6.650000000000000355e-01 0.000000000000000000e+00
6.660000000000000364e-01 0.000000000000000000e+00
6.670000000000000373e-01 0.000000000000000000e+00
6.680000000000000382e-01 0.000000000000000000e+00
6.690000000000000391e-01 0.000000000000000000e+00
6.700000000000000400e-01 0.000000000000000000e+00
6.710000000000000409e-01 0.000000000000000000e+00
6.720000000000000417e-01 0.000000000000000000e+00
6.730000000000000426e-01 0.000000000000000000e+00
6.740000000000000435e-01 0.000000000000000000e+00
6.750000000000000444e-01 0.000000000000000000e+00
6.760000000000000453e-01 0.000000000000000000e+00
6.770000000000000462e-01 0.000000000000000000e+00
6.780000000000000471e-01 0.000000000000000000e+00
6.790000000000000480e-01 0.000000000000000000e+00
6.800000000000000488e-01 0.000000000000000000e+00
6.810000000000000497e-01 0.000000000000000000e+00
6.820000000000000506e-01 0.000000000000000000e+00
6.830000000000000515e-01 0.000000000000000000e+00
6.840000000000000524e-01 0.000000000000000000e+00
6.850000000000000533e-01 0.000000000000000000e+00
6.860000000000000542e-01 0.000000000000000000e+00
6.870000000000000551e-01 0.000000000000000000e+00
6.879999999999999449e-01 0.000000000000000000e+00
6.889999999999999458e-01 0.000000000000000000e+00
6.899999999999999467e-01 0.000000000000000000e+00
6.909999999999999476e-01 0.000000000000000000e+00
6.919999999999999485e-01 0.000000000000000000e+00
6.929999999999999494e-01 0.000000000000000000e+00
6.939999999999999503e-01 0.000000000000000000e+00
6.949999999999999512e-01 0.000000000000000000e+00
6.959999999999999520e-01 0.000000000000000000e+00
6.969999999999999529e-01 0.000000000000000000e+00
6.979999999999999538e-01 0.000000000000000000e+00
6.989999999999999547e-01 0.000000000000000000e+00
6.999999999999999556e-01 0.000000000000000000e+00
7.009999999999999565e-01 0.000000000000000000e+00
7.019999999999999574e-01 0.000000000000000000e+00
7.029999999999999583e-01 0.000000000000000000e+00
7.039999999999999591e-01 0.000000000000000000e+00
7.049999999999999600e-01 0.000000000000000000e+00
7.059999999999999609e-01 0.000000000000000000e+00
7.069999999999999618e-01 0.000000000000000000e+00
7.079999999999999627e-01 0.000000000000000000e+00
7.089999999999999636e-01 0.000000000000000000e+00
7.099999999999999645e-01 0.000000000000000000e+00
7.109999999999999654e-01 0.000000000000000000e+00
7.119999999999999662e-01 0.000000000000000000e+00
7.129999999999999671e-01 0.000000000000000000e+00
7.139999999999999680e-01 0.000000000000000000e+00
7.149999999999999689e-01 0.000000000000000000e+00
7.159999999999999698e-01 0.000000000000000000e+00
7.169999999999999707e-01 0.000000000000000000e+00
7.179999999999999716e-01 0.000000000000000000e+00
7.189999999999999725e-01 0.000000000000000000e+00
7.199999999999999734e-01 0.000000000000000000e+00
7.209999999999999742e-01 0.000000000000000000e+00
7.219999999999999751e-01 0.000000000000000000e+00
7.229999999999999760e-01 0.000000000000000000e+00
7.239999999999999769e-01 0.000000000000000000e+00
7.249999999999999778e-01 0.000000000000000000e+00
7.259999999999999787e-01 0.000000000000000000e+00
7.269999999999999796e-01 0.000000000000000000e+00
7.279999999999999805e-01 0.000000000000000000e+00
7.289999999999999813e-01 0.000000000000000000e+00
7.299999999999999822e-01 0.000000000000000000e+00
7.309999999999999831e-01 0.000000000000000000e+00
7.319999999999999840e-01 0.000000000000000000e+00
7.329999999999999849e-01 0.000000000000000000e+00
7.339999999999999858e-01 0.000000000000000000e+00
7.349999999999999867e-01 0.000000000000000000e+00
7.359999999999999876e-01 0.000000000000000000e+00
7.369999999999999885e-01 0.000000000000000000e+00
7.379999999999999893e-01 0.000000000000000000e+00
7.389999999999999902e-01 0.000000000000000000e+00
7.399999999999999911e-01 0.000000000000000000e+00
7.409999999999999920e-01 0.000000000000000000e+00
7.419999999999999929e-01 0.000000000000000000e+00
7.429999999999999938e-01 0.000000000000000000e+00
7.439999999999999947e-01 0.000000000000000000e+00
7.449999999999999956e-01 0.000000000000000000e+00
7.450051757812500286e-01 0.000000000000000000e+00
7.451051757812500176e-01 0.000000000000000000e+00
7.452051757812500066e-01 0.000000000000000000e+00
7.459999999999999964e-01 0.000000000000000000e+00
7.469999999999999973e-01 0.000000000000000000e+00
7.479999999999999982e-01 0.000000000000000000e+00
7.489999999999999991e-01 0.000000000000000000e+00
7.500000000000000000e-01 0.000000000000000000e+00
7.502065429687500009e-01 0.000000000000000000e+00
7.510000000000000009e-01 0.000000000000000000e+00
7.520000000000000018e-01 0.000000000000000000e+00
7.530000000000000027e-01 0.000000000000000000e+00
7.540000000000000036e-01 0.000000000000000000e+00
7.550000000000000044e-01 0.000000000000000000e+00
7.552078613281250075e-01 0.000000000000000000e+00
7.560000000000000053e-01 0.000000000000000000e+00
7.570000000000000062e-01 0.000000000000000000e+00
7.580000000000000071e-01 0.000000000000000000e+00
7.590000000000000080e-01 0.000000000000000000e+00
7.600000000000000089e-01 0.000000000000000000e+00
7.602092285156250018e-01 0.000000000000000000e+00
7.610000000000000098e-01 0.000000000000000000e+00
7.620000000000000107e-01 0.000000000000000000e+00
7.630000000000000115e-01 0.000000000000000000e+00
7.640000000000000124e-01 0.000000000000000000e+00
7.650000000000000133e-01 0.000000000000000000e+00
7.652105957031249961e-01 0.000000000000000000e+00
7.660000000000000142e-01 0.000000000000000000e+00
7.670000000000000151e-01 0.000000000000000000e+00
7.680000000000000160e-01 0.000000000000000000e+00
7.690000000000000169e-01 0.000000000000000000e+00
7.700000000000000178e-01 0.000000000000000000e+00
7.702119140625000027e-01 0.000000000000000000e+00
7.710000000000000187e-01 0.000000000000000000e+00
7.720000000000000195e-01 0.000000000000000000e+00
7.730000000000000204e-01 0.000000000000000000e+00
7.740000000000000213e-01 0.000000000000000000e+00
7.750000000000000222e-01 0.000000000000000000e+00
7.752132812499999970e-01 0.000000000000000000e+00
7.760000000000000231e-01 0.000000000000000000e+00
7.770000000000000240e-01 0.000000000000000000e+00
7.780000000000000249e-01 0.000000000000000000e+00
7.790000000000000258e-01 0.000000000000000000e+00
7.800000000000000266e-01 0.000000000000000000e+00
7.802145996093750036e-01 0.000000000000000000e+00
7.810000000000000275e-01 0.000000000000000000e+00
7.820000000000000284e-01 0.000000000000000000e+00
7.830000000000000293e-01 0.000000000000000000e+00
7.840000000000000302e-01 0.000000000000000000e+00
7.850000000000000311e-01 0.000000000000000000e+00
7.860000000000000320e-01 0.000000000000000000e+00
7.870000000000000329e-01 0.000000000000000000e+00
7.880000000000000338e-01 0.000000000000000000e+00
7.890000000000000346e-01 0.000000000000000000e+00
7.900000000000000355e-01 0.000000000000000000e+00
7.910000000000000364e-01 0.000000000000000000e+00
7.920000000000000373e-01 0.000000000000000000e+00
7.930000000000000382e-01 0.000000000000000000e+00
7.940000000000000391e-01 0.000000000000000000e+00
7.950000000000000400e-01 0.000000000000000000e+00
7.960000000000000409e-01 0.000000000000000000e+00
7.970000000000000417e-01 0.000000000000000000e+00
7.980000000000000426e-01 0.000000000000000000e+00
7.990000000000000435e-01 0.000000000000000000e+00
7.997999999999999554e-01 0.000000000000000000e+00
7.999000000000000554e-01 0.000000000000000000e+00
8.000000000000000444e-01 5.973386410590691021e-05
8.010000000000000453e-01 5.971212308762959367e-05
8.020000000000000462e-01 5.969750632210974204e-05
8.030000000000000471e-01 5.968647025585610338e-05
8.040000000000000480e-01 5.966848693009341962e-05
8.050000000000000488e-01 5.965100547341699614e-05
8.060000000000000497e-01 5.963333262636401664e-05
8.070000000000000506e-01 5.961527140344726014e-05
8.080000000000000515e-01 5.959692514935228513e-05
8.090000000000000524e-01 5.957829238362758123e-05
8.100000000000000533e-01 5.955916257468153090e-05
8.110000000000000542e-01 5.953973862452114518e-05
8.120000000000000551e-01 5.951982492097623124e-05
8.129999999999999449e-01 5.949961432770823168e-05
8.139999999999999458e-01 5.947900596004668304e-05
8.149999999999999467e-01 5.945789428772157011e-05
8.159999999999999476e-01 5.943649135153648920e-05
8.169999999999999485e-01 5.941468179036650429e-05
8.179999999999999494e-01 5.939237001701910303e-05
8.189999999999999503e-01 5.948559901568365772e-05
8.199999999999999512e-01 5.957832338255592680e-05
8.209999999999999520e-01 5.965862198742338883e-05
8.219999999999999529e-01 5.973848543998792681e-05
8.229999999999999538e-01 5.981782917224526903e-05
8.239999999999999547e-01 5.985413244861985453e-05
8.249999999999999556e-01 5.988987494001265464e-05
8.259999999999999565e-01 5.992496867232068454e-05
8.269999999999999574e-01 5.995931083034061233e-05
8.279999999999999583e-01 5.999310863267604910e-05
8.289999999999999591e-01 6.002622763264591849e-05
8.299999999999999600e-01 6.005859302269044947e-05
8.309999999999999609e-01 6.009040238269351268e-05
8.319999999999999618e-01 6.012153520736877589e-05
8.329999999999999627e-01 6.015189832888771158e-05
8.339999999999999636e-01 6.018170355164486566e-05
8.349999999999999645e-01 6.021072036757438327e-05
8.359999999999999654e-01 6.023917475255548157e-05
8.369999999999999662e-01 6.013938916846688310e-05
8.379999999999999671e-01 6.003918731630735476e-05
8.389999999999999680e-01 5.993877788961561088e-05
8.399999999999999689e-01 5.983805182229808581e-05
8.409999999999999698e-01 5.972533091072333760e-05
8.419999999999999707e-01 5.961227758123249955e-05
8.429999999999999716e-01 5.949909950277700385e-05
8.439999999999999725e-01 5.938569261828438936e-05
8.449999999999999734e-01 5.927204786071118046e-05
8.459999999999999742e-01 5.915828120786529416e-05
8.469999999999999751e-01 5.904428990928121192e-05
8.479999999999999760e-01 5.893025122535879397e-05
8.489999999999999769e-01 5.881674896556342443e-05
8.499999999999999778e-01 5.870452126734305033e-05
8.509999999999999787e-01 5.862898135771643887e-05
8.519999999999999796e-01 5.855445655945522889e-05
8.529999999999999805e-01 5.848008961913630615e-05
8.539999999999999813e-01 5.840549992231801389e-05
8.549999999999999822e-01 5.826442242400043867e-05
8.559999999999999831e-01 5.812315784934279439e-05
8.569999999999999840e-01 5.798153655471370387e-05
8.579999999999999849e-01 5.783973854730913114e-05
8.589999999999999858e-01 5.769766819509250511e-05
8.599999999999999867e-01 5.755523222251401194e-05
8.609999999999999876e-01 5.740337945544158167e-05
8.619999999999999885e-01 5.725129321871554798e-05
8.629999999999999893e-01 5.709899205945371837e-05
8.639999999999999902e-01 5.703419607551087230e-05
8.649999999999999911e-01 5.696872556208061882e-05
8.659999999999999920e-01 5.690247374011049998e-05
8.669999999999999929e-01 5.683562052516485540e-05
8.679999999999999938e-01 5.676808941171525085e-05
8.689999999999999947e-01 5.669986288497749413e-05
8.699999999999999956e-01 5.663097598331047082e-05
8.709999999999999964e-01 5.656129717758454534e-05
8.719999999999999973e-01 5.649103002449954754e-05
8.729999999999999982e-01 5.668598605162455148e-05
8.739999999999999991e-01 5.688033532811299854e-05
8.750000000000000000e-01 5.707407341166443194e-05
8.760000000000000009e-01 5.726717802530355685e-05
8.770000000000000018e-01 5.745955425898056288e-05
8.780000000000000027e-01 5.765138134767485421e-05
8.790000000000000036e-01 5.784255603940591115e-05
8.800000000000000044e-01 5.803305635297528997e-05
8.810000000000000053e-01 5.814182467108640817e-05
8.820000000000000062e-01 5.824951864161904936e-05
8.830000000000000071e-01 5.835634198210677849e-05
8.840000000000000080e-01 5.856076018827871462e-05
8.850000000000000089e-01 5.876449834347843046e-05
8.860000000000000098e-01 5.896756423311587701e-05
8.870000000000000107e-01 5.916993382086923220e-05
8.880000000000000115e-01 5.937151715896206216e-05
8.890000000000000124e-01 5.957247995909970418e-05
8.900000000000000133e-01 5.977271470872233604e-05
8.910000000000000142e-01 5.973673613480782649e-05
8.920000000000000151e-01 5.969990980344271281e-05
8.930000000000000160e-01 5.971156254026938298e-05
8.940000000000000169e-01 5.967307040903807938e-05
8.950000000000000178e-01 5.963363256176972520e-05
8.960000000000000187e-01 5.964278815684748093e-05
8.970000000000000195e-01 5.960204143717162228e-05
8.980000000000000204e-01 5.961034956979663249e-05
8.990000000000000213e-01 5.956912232643335746e-05
9.000000000000000222e-01 5.952732038379798384e-05
9.010000000000000231e-01 5.939617308896873421e-05
9.020000000000000240e-01 5.921663152922612071e-05
9.030000000000000249e-01 5.908689257673306827e-05
9.040000000000000258e-01 5.895856839466202598e-05
9.050000000000000266e-01 5.883078155024170367e-05
9.060000000000000275e-01 5.875219962122245446e-05
9.070000000000000284e-01 5.862515016847284635e-05
9.080000000000000293e-01 5.854722221421989849e-05
9.090000000000000302e-01 5.842076983955635342e-05
9.100000000000000311e-01 5.829473245732631916e-05
9.110000000000000320e-01 5.821734622795650350e-05
9.120000000000000329e-01 5.809177150717016481e-05
9.130000000000000338e-01 5.801471058976860335e-05
9.140000000000000346e-01 5.788940794946124079e-05
9.150000000000000355e-01 5.781255278115845440e-05
9.160000000000000364e-01 5.768749490521550804e-05
9.170000000000000373e-01 5.761066446471717470e-05
9.180000000000000382e-01 5.748572764233590037e-05
9.190000000000000391e-01 5.740879378825960023e-05
9.200000000000000400e-01 5.728387452601657202e-05
9.210000000000000409e-01 5.716802064128215292e-05
9.220000000000000417e-01 5.700444086265238591e-05
9.230000000000000426e-01 5.688872164917147900e-05
9.240000000000000435e-01 5.677512475830173667e-05
9.250000000000000444e-01 5.670887753168850907e-05
9.260000000000000453e-01 5.659484477918592937e-05
9.270000000000000462e-01 5.652796398013756500e-05
9.280000000000000471e-01 5.641331544145911678e-05
9.290000000000000480e-01 5.634568537915423829e-05
9.300000000000000488e-01 5.623040922282807058e-05
9.310000000000000497e-01 5.616195745968906750e-05
9.320000000000000506e-01 5.604594632843453572e-05
9.330000000000000515e-01 5.597654730518763485e-05
9.340000000000000524e-01 5.585962377310547613e-05
9.350000000000000533e-01 5.578920350765569791e-05
9.360000000000000542e-01 5.567128949744012891e-05
9.370000000000000551e-01 5.559983132247402242e-05
9.379999999999999449e-01 5.548082082746284106e-05
9.389999999999999458e-01 5.540805543465039565e-05
9.399999999999999467e-01 5.533470546439082536e-05
9.409999999999999476e-01 5.516223084280786617e-05
9.419999999999999485e-01 5.503589764784883780e-05
9.429999999999999494e-01 5.486279713918865966e-05
9.439999999999999503e-01 5.476606282532650154e-05
9.449999999999999512e-01 5.462250186967765173e-05
9.459999999999999520e-01 5.452445182165206793e-05
9.469999999999999529e-01 5.442566726964683953e-05
9.479999999999999538e-01 5.428030691624160966e-05
9.489999999999999547e-01 5.418013266038450824e-05
9.499999999999999556e-01 5.407921149569870943e-05
9.509999999999999565e-01 5.392340388837504075e-05
9.519999999999999574e-01 5.381249610937393832e-05
9.529999999999999583e-01 5.365540899716632843e-05
9.539999999999999591e-01 5.354303708378401329e-05
9.549999999999999600e-01 5.342980662796081577e-05
9.559999999999999609e-01 5.327054358463893373e-05
9.569999999999999618e-01 5.315570933199844099e-05
9.579999999999999627e-01 5.303994553582677094e-05
9.589999999999999636e-01 5.287843942875508624e-05
9.599999999999999645e-01 5.276093744474453503e-05
9.609999999999999654e-01 5.262327584427289352e-05
9.619999999999999662e-01 5.244017283512786179e-05
9.629999999999999671e-01 5.230087127784044051e-05
9.639999999999999680e-01 5.218160408134263345e-05
9.649999999999999689e-01 5.201696246548593591e-05
9.659999999999999698e-01 5.189574752681019041e-05
9.669999999999999707e-01 5.177340690971010337e-05
9.679999999999999716e-01 5.160609300136995175e-05
9.689999999999999725e-01 5.148168905916773350e-05
9.699999999999999734e-01 5.135624212129928840e-05
9.709999999999999742e-01 5.118608926191725551e-05
9.719999999999999751e-01 5.105854032037090187e-05
9.729999999999999760e-01 5.092980844833347177e-05
9.739999999999999769e-01 5.075672664967204712e-05
9.749999999999999778e-01 5.062578741176377981e-05
9.759999999999999787e-01 5.049370263387818302e-05
9.769999999999999796e-01 5.036046616164955019e-05
9.779999999999999805e-01 5.018320385479685712e-05
9.789999999999999813e-01 5.004766767231954222e-05
9.799999999999999822e-01 4.991092628197994606e-05
9.809999999999999831e-01 4.974703252836852472e-05
9.819999999999999840e-01 4.953975772922357168e-05
9.829999999999999849e-01 4.937386286069979108e-05
9.839999999999999858e-01 4.923216374269095459e-05
9.849999999999999867e-01 4.908922946756948173e-05
9.859999999999999876e-01 4.890315397766940321e-05
9.869999999999999885e-01 4.875778878173872452e-05
9.879999999999999893e-01 4.861109069960436790e-05
9.889999999999999902e-01 4.846307151772225920e-05
9.899999999999999911e-01 4.827243855306070268e-05
9.909999999999999920e-01 4.812199164918645386e-05
9.919999999999999929e-01 4.797017783847142350e-05
9.929999999999999938e-01 4.781700615939663479e-05
9.939999999999999947e-01 4.766249606743643545e-05
9.949999999999999956e-01 4.746607586385440602e-05
9.959999999999999964e-01 4.730896709379737953e-05
9.969999999999999973e-01 4.715055205188506843e-05
9.979999999999999982e-01 4.699083685421763241e-05
9.989999999999999991e-01 4.682969911409686316e-05
1.000000000000000000e+00 4.662719781019139645e-05
1.000274121093750024e+00 4.658955913749994232e-05
1.000999999999999890e+00 4.664353789219968772e-05
1.002000000000000002e+00 4.671718035839965622e-05
1.002999999999999892e+00 4.679011699490520963e-05
1.004000000000000004e+00 4.686240026664390549e-05
1.004999999999999893e+00 4.689374542175722455e-05
1.006000000000000005e+00 4.696459090303217265e-05
1.006999999999999895e+00 4.703477844637526250e-05
1.008000000000000007e+00 4.710431252964054221e-05
1.008999999999999897e+00 4.717318698493513484e-05
1.010000000000000009e+00 4.724146209255845565e-05
1.010999999999999899e+00 4.730907253004952264e-05
1.012000000000000011e+00 4.733544556956154601e-05
1.012999999999999901e+00 4.740179495200616831e-05
1.014000000000000012e+00 4.746754265897778975e-05
1.014999999999999902e+00 4.753268281050777920e-05
1.016000000000000014e+00 4.759734993799617444e-05
1.016999999999999904e+00 4.766139855283913157e-05
1.018000000000000016e+00 4.772484336055818007e-05
1.018999999999999906e+00 4.774684874585934043e-05
1.020000000000000018e+00 4.780921608903048793e-05
1.020999999999999908e+00 4.787429695720429239e-05
1.022000000000000020e+00 4.793896933899339174e-05
1.022999999999999909e+00 4.800310414115096505e-05
1.024000000000000021e+00 4.806675636291837280e-05
1.024999999999999911e+00 4.812992051925301908e-05
1.026000000000000023e+00 4.819267585073646178e-05
1.026999999999999913e+00 4.825494998086980953e-05
1.028000000000000025e+00 4.831679792199685699e-05
1.028999999999999915e+00 4.833666499243530982e-05
1.030000000000000027e+00 4.839762104074210488e-05
1.030999999999999917e+00 4.845821439654233803e-05
1.032000000000000028e+00 4.851838979917562919e-05
1.032999999999999918e+00 4.857814204553852059e-05
1.034000000000000030e+00 4.863753406771894526e-05
1.034999999999999920e+00 4.869663224826326786e-05
1.036000000000000032e+00 4.875535402973138325e-05
1.036999999999999922e+00 4.881372855352018116e-05
1.038000000000000034e+00 4.887172767840681619e-05
1.038999999999999924e+00 4.892949610743467959e-05
1.040000000000000036e+00 4.898690364759393566e-05
1.040999999999999925e+00 4.904583117525735980e-05
1.042000000000000037e+00 4.910452988115231854e-05
1.042999999999999927e+00 4.916292736811256055e-05
1.044000000000000039e+00 4.922109409334946044e-05
1.044999999999999929e+00 4.927903657838540827e-05
1.046000000000000041e+00 4.929425039971302826e-05
1.046999999999999931e+00 4.935167796750550235e-05
1.048000000000000043e+00 4.940892625704016924e-05
1.048999999999999932e+00 4.946595405543652887e-05
1.050000000000000044e+00 4.952280108351047818e-05
1.050999999999999934e+00 4.953940814759082622e-05
1.052000000000000046e+00 4.955587584828712109e-05
1.052999999999999936e+00 4.957214536361307950e-05
1.054000000000000048e+00 4.958828218085599985e-05
1.054999999999999938e+00 4.960420663203884631e-05
1.056000000000000050e+00 4.962000505756507360e-05
1.056999999999999940e+00 4.963573611806811390e-05
1.058000000000000052e+00 4.965126135310676852e-05
1.058999999999999941e+00 4.966671903320368678e-05
1.060000000000000053e+00 4.968211231896509908e-05
1.060999999999999943e+00 4.969380007875692876e-05
1.062000000000000055e+00 4.970542302044513554e-05
1.062999999999999945e+00 4.971698483925712526e-05
1.064000000000000057e+00 4.972854062393425328e-05
1.064999999999999947e+00 4.974002827686369439e-05
1.066000000000000059e+00 4.975151308342689926e-05
1.066999999999999948e+00 4.976301269705266263e-05
1.068000000000000060e+00 4.977450302134200217e-05
1.068999999999999950e+00 4.982883758674352498e-05
1.070000000000000062e+00 4.984041572499662702e-05
1.070999999999999952e+00 4.985198781169537053e-05
1.072000000000000064e+00 4.986362679079466150e-05
1.072999999999999954e+00 4.987534290269805002e-05
1.074000000000000066e+00 4.988712224255656381e-05
1.074999999999999956e+00 4.989896859368261813e-05
1.076000000000000068e+00 4.991095823187978448e-05
1.076999999999999957e+00 4.992308103238015646e-05
1.078000000000000069e+00 4.993527748221903480e-05
1.078999999999999959e+00 4.994768028065416353e-05
1.080000000000000071e+00 4.996021596954678735e-05
1.080999999999999961e+00 4.997524789135225631e-05
1.082000000000000073e+00 4.999049405010985806e-05
1.082999999999999963e+00 5.000593739567296545e-05
1.084000000000000075e+00 5.002152590885226841e-05
1.084999999999999964e+00 5.003739527347897577e-05
1.086000000000000076e+00 5.005346929055329340e-05
1.086999999999999966e+00 5.011287510938941016e-05
1.088000000000000078e+00 5.012951590804990353e-05
1.088999999999999968e+00 5.014636157704213535e-05
1.090000000000000080e+00 5.016356268811059078e-05
1.090999999999999970e+00 5.018096960175602567e-05
1.092000000000000082e+00 5.019871843444176910e-05
1.092999999999999972e+00 5.021682349802498107e-05
1.094000000000000083e+00 5.023527430904773522e-05
1.094999999999999973e+00 5.025406414422622985e-05
1.096000000000000085e+00 5.027313440750876846e-05
1.096999999999999975e+00 5.029262850964015807e-05
1.098000000000000087e+00 5.035575997703809604e-05
1.098999999999999977e+00 5.037609873994808920e-05
1.100000000000000089e+00 5.038652340731561907e-05
1.100999999999999979e+00 5.040310010851727226e-05
1.102000000000000091e+00 5.041968087953390608e-05
1.102999999999999980e+00 5.043626572106524428e-05
1.104000000000000092e+00 5.045285463381109193e-05
1.104999999999999982e+00 5.046944761847135574e-05
1.106000000000000094e+00 5.048604467574601697e-05
1.106999999999999984e+00 5.054599774406112918e-05
1.108000000000000096e+00 5.056261720272581885e-05
1.108999999999999986e+00 5.057924073960303477e-05
1.110000000000000098e+00 5.059586835539363911e-05
1.110999999999999988e+00 5.061250005079858890e-05
1.112000000000000099e+00 5.062913582651892250e-05
1.112999999999999989e+00 5.064577568325571213e-05
1.114000000000000101e+00 5.066241962171016554e-05
1.114999999999999991e+00 5.072253371076915570e-05
1.116000000000000103e+00 5.073920009682279493e-05
1.116999999999999993e+00 5.075587057020065646e-05
1.118000000000000105e+00 5.077254513160483573e-05
1.118999999999999995e+00 5.078922378173746208e-05
1.120000000000000107e+00 5.080590652130079356e-05
1.120999999999999996e+00 5.086879597487393886e-05
1.122000000000000108e+00 5.088815802217768429e-05
1.122999999999999998e+00 5.090752498749401435e-05
1.124000000000000110e+00 5.092689687142081911e-05
1.125000000000000000e+00 5.094627367455586666e-05
1.125999999999999890e+00 5.096565539749693186e-05
1.127000000000000002e+00 5.098504204084175571e-05
1.127999999999999892e+00 5.104810382590217716e-05
1.129000000000000004e+00 5.106751691920431057e-05
1.129999999999999893e+00 5.108693493891759067e-05
1.131000000000000005e+00 5.110635788564019214e-05
1.131999999999999895e+00 5.112578575997022865e-05
1.133000000000000007e+00 5.114521856250572580e-05
1.133999999999999897e+00 5.120842100438722404e-05
1.135000000000000009e+00 5.122788029579594308e-05
1.135999999999999899e+00 5.124734452142108189e-05
1.137000000000000011e+00 5.126681368186120140e-05
1.137999999999999901e+00 5.128628777771464568e-05
1.139000000000000012e+00 5.134961994309455307e-05
1.139999999999999902e+00 5.136912056531320819e-05
1.141000000000000014e+00 5.139235669945441625e-05
1.141999999999999904e+00 5.141560015072719835e-05
1.143000000000000016e+00 5.143885092046937866e-05
1.143999999999999906e+00 5.146210901001899819e-05
1.145000000000000018e+00 5.152934349002802724e-05
1.145999999999999908e+00 5.155263609837373921e-05
1.147000000000000020e+00 5.157593603679585707e-05
1.147999999999999909e+00 5.159924330663377028e-05
1.149000000000000021e+00 5.162255790922700387e-05
1.149999999999999911e+00 5.168994310049206901e-05
1.151000000000000023e+00 5.171054803717396904e-05
1.151999999999999913e+00 5.173115808080352328e-05
1.153000000000000025e+00 5.175177323184920194e-05
1.153999999999999915e+00 5.177239349077938035e-05
1.155000000000000027e+00 5.183717524349848303e-05
1.155999999999999917e+00 5.185782330821348316e-05
1.157000000000000028e+00 5.187847648657380320e-05
1.157999999999999918e+00 5.189913477904794722e-05
1.159000000000000030e+00 5.191979818610450742e-05
1.159999999999999920e+00 5.198470580617208214e-05
1.161000000000000032e+00 5.200571377637151879e-05
1.161999999999999922e+00 5.202672694580379794e-05
1.163000000000000034e+00 5.204774531490371852e-05
1.163999999999999924e+00 5.211308480255130043e-05
1.165000000000000036e+00 5.213413146995339234e-05
1.165999999999999925e+00 5.215518334275404220e-05
1.167000000000000037e+00 5.217624042138823868e-05
1.167999999999999927e+00 5.219730270629086884e-05
1.169000000000000039e+00 5.226277564892309671e-05
1.169999999999999929e+00 5.228386626746603822e-05
1.171000000000000041e+00 5.230496209801026113e-05
1.171999999999999931e+00 5.232606314099074737e-05
1.173000000000000043e+00 5.239164125179370353e-05
1.173999999999999932e+00 5.241277065632807210e-05
1.175000000000000044e+00 5.243390527903272401e-05
1.175999999999999934e+00 5.245504512034279026e-05
1.177000000000000046e+00 5.247619018069334763e-05
1.177999999999999936e+00 5.254190734918951378e-05
1.179000000000000048e+00 5.256308080859378935e-05
1.179999999999999938e+00 5.258425949277501551e-05
1.181000000000000050e+00 5.259823121400143632e-05
1.181999999999999940e+00 5.265682563752376125e-05
1.183000000000000052e+00 5.267081222312000144e-05
1.183999999999999941e+00 5.268480031591966131e-05
1.185000000000000053e+00 5.269878991581023456e-05
1.185999999999999943e+00 5.275745496050658184e-05
1.187000000000000055e+00 5.277145943294320055e-05
1.187999999999999945e+00 5.278546541341011251e-05
1.189000000000000057e+00 5.279947290179466235e-05
1.189999999999999947e+00 5.285820327828069073e-05
1.191000000000000059e+00 5.287222564597188288e-05
1.191999999999999948e+00 5.288624952251946257e-05
1.193000000000000060e+00 5.290027490781072021e-05
1.193999999999999950e+00 5.291430180173295976e-05
1.195000000000000062e+00 5.297310557825334325e-05
1.195999999999999952e+00 5.298714735787561625e-05
1.197000000000000064e+00 5.300119064706668571e-05
1.197999999999999954e+00 5.301523544571378106e-05
1.199000000000000066e+00 5.307410995423245982e-05
1.199999999999999956e+00 5.308816964674828627e-05
1.201000000000000068e+00 5.310874288877587285e-05
1.201999999999999957e+00 5.312932155860296566e-05
1.203000000000000069e+00 5.319479252583833058e-05
1.203999999999999959e+00 5.321539944211315927e-05
1.205000000000000071e+00 5.323601179307896103e-05
1.205999999999999961e+00 5.325662957950491632e-05
1.207000000000000073e+00 5.332221461230638289e-05
1.207999999999999963e+00 5.334286068092626034e-05
1.209000000000000075e+00 5.336351219190302330e-05
1.209999999999999964e+00 5.338416914600655698e-05
1.211000000000000076e+00 5.344986301755350093e-05
1.211999999999999966e+00 5.347054828754638141e-05
1.213000000000000078e+00 5.349123900756743344e-05
1.213999999999999968e+00 5.351193517838728758e-05
1.215000000000000080e+00 5.357773263494778406e-05
1.215999999999999970e+00 5.359845715329395697e-05
1.217000000000000082e+00 5.361918712934451379e-05
1.217999999999999972e+00 5.363992256387071529e-05
1.219000000000000083e+00 5.370583447840117592e-05
1.219999999999999973e+00 5.372659829626999647e-05
1.221000000000000085e+00 5.374243340739166250e-05
1.221999999999999975e+00 5.380348671844060901e-05
1.223000000000000087e+00 5.381934130419480040e-05
1.223999999999999977e+00 5.383519896845573386e-05
1.225000000000000089e+00 5.385105971156046751e-05
1.225999999999999979e+00 5.391218657309789473e-05
1.227000000000000091e+00 5.392806680746516166e-05
1.227999999999999980e+00 5.394395012427523112e-05
1.229000000000000092e+00 5.395983652386547970e-05
1.229999999999999982e+00 5.402104779413506737e-05
1.231000000000000094e+00 5.403695370480583168e-05
1.231999999999999984e+00 5.405286270185836599e-05
1.233000000000000096e+00 5.406877478563031119e-05
1.233999999999999986e+00 5.413005972870021498e-05
1.235000000000000098e+00 5.414599134019950927e-05
1.235999999999999988e+00 5.416192604202168913e-05
1.237000000000000099e+00 5.417786383450482910e-05
1.237999999999999989e+00 5.423923333413092744e-05
1.239000000000000101e+00 5.425519067418114398e-05
1.239999999999999991e+00 5.427115110849826864e-05
1.241000000000000103e+00 5.429362197437696016e-05
1.241999999999999993e+00 5.436159162216682149e-05
1.243000000000000105e+00 5.438409289196700637e-05
1.243999999999999995e+00 5.440659995426848296e-05
1.245000000000000107e+00 5.442911280966493328e-05
1.245999999999999996e+00 5.449719437293876163e-05
1.247000000000000108e+00 5.451973766384551158e-05
1.247999999999999998e+00 5.454228675447689436e-05
1.249000000000000110e+00 5.456484164542676140e-05
1.250000000000000000e+00 5.463304611163943988e-05
1.250999999999999890e+00 5.464331859825635691e-05
1.252000000000000002e+00 5.465358747483096193e-05
1.252999999999999892e+00 5.466385273890628341e-05
1.254000000000000004e+00 5.471978702831724849e-05
1.254999999999999893e+00 5.473005362918498853e-05
1.256000000000000005e+00 5.474031660715723369e-05
1.256999999999999895e+00 5.479627974654252207e-05
1.258000000000000007e+00 5.480654403244941702e-05
1.258999999999999897e+00 5.481680468505005711e-05
1.260000000000000009e+00 5.482706170188191426e-05
1.260999999999999899e+00 5.488073375820326868e-05
1.262000000000000011e+00 5.488867289340395423e-05
1.262999999999999901e+00 5.489660856651947478e-05
1.264000000000000012e+00 5.490454077559341463e-05
1.264999999999999902e+00 5.495822659143761416e-05
1.266000000000000014e+00 5.496615847047489004e-05
1.266999999999999904e+00 5.497408687670837497e-05
1.268000000000000016e+00 5.498201180817896983e-05
1.268999999999999906e+00 5.503572219221973370e-05
1.270000000000000018e+00 5.504364676141403886e-05
1.270999999999999908e+00 5.505156784706864763e-05
1.272000000000000020e+00 5.505948544722193334e-05
1.272999999999999909e+00 5.511320938296644238e-05
1.274000000000000021e+00 5.512112658697151241e-05
1.274999999999999911e+00 5.512904029668456849e-05
1.276000000000000023e+00 5.513695051014139544e-05
1.276999999999999913e+00 5.514485722537756121e-05
1.278000000000000025e+00 5.519860860339485575e-05
1.278999999999999915e+00 5.520651488328002040e-05
1.280000000000000027e+00 5.521441765613690589e-05
1.280999999999999917e+00 5.521319539194425717e-05
1.282000000000000028e+00 5.525782873851368948e-05
1.282999999999999918e+00 5.525659815321999651e-05
1.284000000000000030e+00 5.525536391463755211e-05
1.284999999999999920e+00 5.525412602253536022e-05
1.286000000000000032e+00 5.529873416782088885e-05
1.286999999999999922e+00 5.529748793470117051e-05
1.288000000000000034e+00 5.529623804433751765e-05
1.288999999999999924e+00 5.529498449649943568e-05
1.290000000000000036e+00 5.533957829636669198e-05
1.290999999999999925e+00 5.533831638734779628e-05
1.292000000000000037e+00 5.533705081713041995e-05
1.292999999999999927e+00 5.533578158548450887e-05
1.294000000000000039e+00 5.538035003211523973e-05
1.294999999999999929e+00 5.537907241937274421e-05
1.296000000000000041e+00 5.537779114147857722e-05
1.296999999999999931e+00 5.537650619820311151e-05
1.298000000000000043e+00 5.537521758931686214e-05
1.298999999999999932e+00 5.541976680091172667e-05
1.300000000000000044e+00 5.541846978726720367e-05
1.300999999999999934e+00 5.543604648399770416e-05
1.302000000000000046e+00 5.545362748254229759e-05
1.302999999999999936e+00 5.551709682449064242e-05
1.304000000000000048e+00 5.553470097854401659e-05
1.304999999999999938e+00 5.555230944028540646e-05
1.306000000000000050e+00 5.556992221048686562e-05
1.306999999999999940e+00 5.558753928992056286e-05
1.308000000000000052e+00 5.565111202539690667e-05
1.308999999999999941e+00 5.566875229124997504e-05
1.310000000000000053e+00 5.568639687221524869e-05
1.310999999999999943e+00 5.570404576906588573e-05
1.312000000000000055e+00 5.572169898257517303e-05
1.312999999999999945e+00 5.578538621029282705e-05
1.314000000000000057e+00 5.580306264463766742e-05
1.314999999999999947e+00 5.582074340152804381e-05
1.316000000000000059e+00 5.583842848173827309e-05
1.316999999999999948e+00 5.590220594501406809e-05
1.318000000000000060e+00 5.591991427365564175e-05
1.318999999999999950e+00 5.593762693150955125e-05
1.320000000000000062e+00 5.595534391935115022e-05
1.320999999999999952e+00 5.596140411235531566e-05
1.322000000000000064e+00 5.601360107171491650e-05
1.322999999999999954e+00 5.601966707242273804e-05
1.324000000000000066e+00 5.602573347915515911e-05
1.324999999999999956e+00 5.603180029191894918e-05
1.326000000000000068e+00 5.603786751072081676e-05
1.326999999999999957e+00 5.604393513556753134e-05
1.328000000000000069e+00 5.609617501407864810e-05
1.328999999999999959e+00 5.610224844998149387e-05
1.330000000000000071e+00 5.610832229228391725e-05
1.330999999999999961e+00 5.611439654099271485e-05
1.332000000000000073e+00 5.612047119611466293e-05
1.332999999999999963e+00 5.617273759650914268e-05
1.334000000000000075e+00 5.617881806450015705e-05
1.334999999999999964e+00 5.618489893925906608e-05
1.336000000000000076e+00 5.619098022079258503e-05
1.336999999999999966e+00 5.619706190910747661e-05
1.338000000000000078e+00 5.620314400421046967e-05
1.338999999999999968e+00 5.625545336052703972e-05
1.340000000000000080e+00 5.626154127185250251e-05
1.340999999999999970e+00 5.623705288898470632e-05
1.342000000000000082e+00 5.621256515716449890e-05
1.342999999999999972e+00 5.618807807663726232e-05
1.344000000000000083e+00 5.616359164764826343e-05
1.344999999999999973e+00 5.618523711851283834e-05
1.346000000000000085e+00 5.616073187314780376e-05
1.346999999999999975e+00 5.613622728059274215e-05
1.348000000000000087e+00 5.611172334109304911e-05
1.348999999999999977e+00 5.608722005489405926e-05
1.350000000000000089e+00 5.606271742224114112e-05
1.350999999999999979e+00 5.607685694612802094e-05
1.352000000000000091e+00 5.604497905332329779e-05
1.352999999999999980e+00 5.601310890833264303e-05
1.354000000000000092e+00 5.598124651019649028e-05
1.354999999999999982e+00 5.594939185795542227e-05
1.356000000000000094e+00 5.591754495064996073e-05
1.356999999999999984e+00 5.588570578732075615e-05
1.358000000000000096e+00 5.589969592997083808e-05
1.358999999999999986e+00 5.586784614411507315e-05
1.360000000000000098e+00 5.583600410570844770e-05
1.360371875000000008e+00 5.578499512609044433e-05
1.360999999999999988e+00 5.569009393758324756e-05
1.362000000000000099e+00 5.553918115099748689e-05
1.362372363281250109e+00 5.548304127475382812e-05
1.362999999999999989e+00 5.539718152312727732e-05
1.364000000000000101e+00 5.526050091478623574e-05
1.364373046874999940e+00 5.520954974506767120e-05
1.364999999999999991e+00 7.587574202801508367e-05
1.366000000000000103e+00 1.087946133670621808e-04
1.366373535156250041e+00 1.210257688771254072e-04
1.366999999999999993e+00 1.621377157476626863e-04
1.368000000000000105e+00 2.274972267260141369e-04
1.368374023437499920e+00 2.518593217338837317e-04
1.368999999999999995e+00 2.754024650691823330e-04
1.370000000000000107e+00 3.128585692400944656e-04
1.370374609374999997e+00 3.268412077494137788e-04
1.370999999999999996e+00 3.739384892807063199e-04
1.372000000000000108e+00 4.489390231248886472e-04
1.372375097656250098e+00 4.769738975855797574e-04
1.372999999999999998e+00 5.236263719431770132e-04
1.374000000000000110e+00 5.979746083364889621e-04
1.374375683593749953e+00 6.260009188450418654e-04
1.375000000000000000e+00 6.891028806363154197e-04
1.375999999999999890e+00 7.892490346216860572e-04
1.376376171875000054e+00 8.267890906530359421e-04
1.377000000000000002e+00 1.005961105131440107e-03
1.377999999999999892e+00 1.291994323080782048e-03
1.378376757812499909e+00 1.399382880761248235e-03
1.379000000000000004e+00 1.593534016188038940e-03
1.379999999999999893e+00 1.903764221036141928e-03
1.380377343749999985e+00 2.020857039084647446e-03
1.381000000000000005e+00 2.243633186834794683e-03
1.381999999999999895e+00 2.600274937264375995e-03
1.382377832031250087e+00 2.734659717626789985e-03
1.383000000000000007e+00 3.185920206351545731e-03
1.383999999999999897e+00 3.924460750459722418e-03
1.384378417968749941e+00 4.204707638159181984e-03
1.385000000000000009e+00 4.988750071793500961e-03
1.385999999999999899e+00 6.259324539364498514e-03
1.386378906250000043e+00 6.740526207615864761e-03
1.387000000000000011e+00 8.070059021834257579e-03
1.387999999999999901e+00 1.021761508839235354e-02
1.388379492187499897e+00 1.103483379379481717e-02
1.389000000000000012e+00 1.330661479685124431e-02
1.389999999999999902e+00 1.697959203460277025e-02
1.390379980468749999e+00 1.837907711632243493e-02
1.391000000000000014e+00 2.267205535170221942e-02
1.391999999999999904e+00 2.961828864144522636e-02
1.392380566406250075e+00 3.226902729446871898e-02
1.393000000000000016e+00 4.174745571650469861e-02
1.393999999999999906e+00 5.709839632159699474e-02
1.394381054687499955e+00 6.296393637838601509e-02
1.395000000000000018e+00 7.895255171990761545e-02
1.395999999999999908e+00 1.048673298910902663e-01
1.396381738281250007e+00 1.147869728691615215e-01
1.397000000000000020e+00 1.420972072852442480e-01
1.397999999999999909e+00 1.864108780768637952e-01
1.398382226562500108e+00 2.033948285433211933e-01
1.399000000000000021e+00 2.399336382440702409e-01
1.399999999999999911e+00 2.992677233818625271e-01
1.400382714843749987e+00 3.219167796297510709e-01
1.401000000000000023e+00 3.511544291256711858e-01
1.401999999999999913e+00 3.985950695627716311e-01
1.402383300781250064e+00 4.168039430364118836e-01
1.403000000000000025e+00 4.353899464398788277e-01
1.403999999999999915e+00 4.655756448852864660e-01
1.404383789062499943e+00 4.771763008146244767e-01
1.405000000000000027e+00 4.834891025266651043e-01
1.405999999999999917e+00 4.937494279341116399e-01
1.406384375000000020e+00 4.976984370321302364e-01
1.407000000000000028e+00 4.989188602347198742e-01
1.407999999999999918e+00 5.013133184940674614e-01
1.408384863281249899e+00 5.020786924579672128e-01
1.409000000000000030e+00 5.020099999523550682e-01
1.409999999999999920e+00 5.018974802180237171e-01
1.410385546874999951e+00 5.018538175144107161e-01
1.411000000000000032e+00 5.014603494331866251e-01
1.411999999999999922e+00 5.008183046308535280e-01
1.412386035156250053e+00 5.005698924934283145e-01
1.413000000000000034e+00 5.010435960782810838e-01
1.413999999999999924e+00 5.018157073554874170e-01
1.414386523437499932e+00 5.021143333829133359e-01
1.415000000000000036e+00 5.031175875240342377e-01
1.415999999999999925e+00 5.047548794491547586e-01
1.416387109375000009e+00 5.053893340782353860e-01
1.417000000000000037e+00 5.072659791586232592e-01
1.417999999999999927e+00 5.103321263614770675e-01
1.418387597656250110e+00 5.115219552740694064e-01
1.419000000000000039e+00 5.142243957703526158e-01
1.419999999999999929e+00 5.182198642554058932e-01
1.420388183593749964e+00 5.197525621057459411e-01
1.421000000000000041e+00 5.224761821450761845e-01
1.421999999999999931e+00 5.269283490615995769e-01
1.422388671875000066e+00 5.286589389161198138e-01
1.423000000000000043e+00 5.311076876423883597e-01
1.423999999999999932e+00 5.351137264472815014e-01
1.424389257812499920e+00 5.366732483844354196e-01
1.425000000000000044e+00 5.383352017585781857e-01
1.425999999999999934e+00 5.410566720865095380e-01
1.426389843749999997e+00 5.421177101184856406e-01
1.427000000000000046e+00 5.433691899468111597e-01
1.427999999999999936e+00 5.454204597840834889e-01
1.428390429687500074e+00 5.462214000178111650e-01
1.429000000000000048e+00 5.465007474413378086e-01
1.429999999999999938e+00 5.469590220537212666e-01
1.430390917968749953e+00 5.471381715689533909e-01
1.431000000000000050e+00 5.471788948005344988e-01
1.431999999999999940e+00 5.472457150584069119e-01
1.432391406250000054e+00 5.472718554658507761e-01
1.433000000000000052e+00 5.473805636688962029e-01
1.433999999999999941e+00 5.475591585856380838e-01
1.434391992187499909e+00 5.476291572172172772e-01
1.435000000000000053e+00 5.476867070373404589e-01
1.435999999999999943e+00 5.477813234877348947e-01
1.436392480468750010e+00 5.478184461368321712e-01
1.437000000000000055e+00 5.481647389091689471e-01
1.437999999999999945e+00 5.487347669753763757e-01
1.438393066406250087e+00 5.489588316650763078e-01
1.439000000000000057e+00 5.493557833606536045e-01
1.439999999999999947e+00 5.495600950477366187e-01
1.440393554687499966e+00 5.497763054370145008e-01
1.441000000000000059e+00 5.499398871996518112e-01
1.441999999999999948e+00 5.502095395534488675e-01
1.442394238281250018e+00 5.503158172848352514e-01
1.443000000000000060e+00 5.504114057133947524e-01
1.443999999999999950e+00 5.505691395076147687e-01
1.444394726562499898e+00 5.506313789574439621e-01
1.445000000000000062e+00 5.506929734295692436e-01
1.445999999999999952e+00 5.507946822464903081e-01
1.446395214843749999e+00 5.508348604465408416e-01
1.447000000000000064e+00 5.503051496881601334e-01
1.447999999999999954e+00 5.494294173248018831e-01
1.448395800781250076e+00 5.490828478005487234e-01
1.449000000000000066e+00 5.483682373711813440e-01
1.449999999999999956e+00 5.471856905091799783e-01
1.450396289062499955e+00 5.466411722581588917e-01
1.451000000000000068e+00 5.455929061568417504e-01
1.451999999999999957e+00 5.443032309396571566e-01
1.452396875000000032e+00 5.437911132673997061e-01
1.453000000000000069e+00 5.431809414456083562e-01
1.453999999999999959e+00 5.421686096350005757e-01
1.454397363281249911e+00 5.417661216831415327e-01
1.455000000000000071e+00 5.411892293064630710e-01
1.455999999999999961e+00 5.402313319704894479e-01
1.456398046874999963e+00 5.398498297103593302e-01
1.457000000000000073e+00 5.395924146356168016e-01
1.457999999999999963e+00 5.387229162326462317e-01
1.458398535156250064e+00 5.385523894210815232e-01
1.459000000000000075e+00 5.387826250764884417e-01
1.459999999999999964e+00 5.391655467117976164e-01
1.460399121093749919e+00 5.392945212106308173e-01
1.461000000000000076e+00 5.399090078559735106e-01
1.461999999999999966e+00 5.409319899656153119e-01
1.462399609375000020e+00 5.413409004930399560e-01
1.463000000000000078e+00 5.421234390328191211e-01
1.463999999999999968e+00 5.434272626779645954e-01
1.464400097656249899e+00 5.437706780930090522e-01
1.465000000000000080e+00 5.444697260269082406e-01
1.465999999999999970e+00 5.460814331984370495e-01
1.466400683593749976e+00 5.467274131701335138e-01
1.467000000000000082e+00 5.474757739562551295e-01
1.467999999999999972e+00 5.487248840567108266e-01
1.468401171875000077e+00 5.492261393215444043e-01
1.469000000000000083e+00 5.496558384470122682e-01
1.469999999999999973e+00 5.503736239652521345e-01
1.470401757812499932e+00 5.504806030139899331e-01
1.471000000000000085e+00 5.501371632336065076e-01
1.471999999999999975e+00 5.500146840115329727e-01
1.472402343750000009e+00 5.499653708053818812e-01
1.473000000000000087e+00 5.494568524508621765e-01
1.473999999999999977e+00 5.486056267890773164e-01
1.474402929687500086e+00 5.482625112862076211e-01
1.475000000000000089e+00 5.474527295023037254e-01
1.475999999999999979e+00 5.456475344996418730e-01
1.476403417968749965e+00 5.451004199279854134e-01
1.477000000000000091e+00 5.436058942743338118e-01
1.477999999999999980e+00 5.410997560009780383e-01
1.478403906250000066e+00 5.400871590155811308e-01
1.479000000000000092e+00 5.388430448415137963e-01
1.479999999999999982e+00 5.363140316951083841e-01
1.480404492187499921e+00 5.354480772742903349e-01
1.481000000000000094e+00 5.342229949462619087e-01
1.481999999999999984e+00 5.321653139025298573e-01
1.482404980468750022e+00 5.313318239627060624e-01
1.483000000000000096e+00 5.302071495162018477e-01
1.483999999999999986e+00 5.278821247128937522e-01
1.484405566406250099e+00 5.271158408183244104e-01
1.485000000000000098e+00 5.266417330595200008e-01
1.485999999999999988e+00 5.258439499986009569e-01
1.486406054687499978e+00 5.255199334038375136e-01
1.487000000000000099e+00 5.253953664976920290e-01
1.487999999999999989e+00 5.247532886629471260e-01
1.488406738281250030e+00 5.246679946464997135e-01
1.489000000000000101e+00 5.249587973905022187e-01
1.489999999999999991e+00 5.254490445966025769e-01
1.490407226562499909e+00 5.256487118289923099e-01
1.491000000000000103e+00 5.263709700360089672e-01
1.491999999999999993e+00 5.271550784887651941e-01
1.492407812499999986e+00 5.276517372111323434e-01
1.493000000000000105e+00 5.284891028578017069e-01
1.493999999999999995e+00 5.299033910708809136e-01
1.494408300781250087e+00 5.304809424699704623e-01
1.495000000000000107e+00 5.316824728635259900e-01
1.495999999999999996e+00 5.332734990142676823e-01
1.496408789062499967e+00 5.341032256365328967e-01
1.497000000000000108e+00 5.352702121414097958e-01
1.497999999999999998e+00 5.372444888050946776e-01
1.498409375000000043e+00 5.378711021577831097e-01
1.499000000000000110e+00 5.386422468518217155e-01
1.500000000000000000e+00 5.403921839094538715e-01
1.500409863281249923e+00 5.410033063620151017e-01
1.500999999999999890e+00 5.417672943778577554e-01
1.502000000000000002e+00 5.426126956201070550e-01
1.502410546874999975e+00 5.431431403169598715e-01
1.502999999999999892e+00 5.437728885614014906e-01
1.504000000000000004e+00 5.448405869945022184e-01
1.504411035156250076e+00 5.450939680025838063e-01
1.504999999999999893e+00 5.451442949170380858e-01
1.506000000000000005e+00 5.456800405014305966e-01
1.506411621093749931e+00 5.459004297002173489e-01
1.506999999999999895e+00 5.462481432925841984e-01
1.508000000000000007e+00 5.463863848258534439e-01
1.508412109375000032e+00 5.466294164297483826e-01
1.508999999999999897e+00 5.467960845717224627e-01
1.510000000000000009e+00 5.470793560003842648e-01
1.510412597656249911e+00 5.470092648433484417e-01
1.510999999999999899e+00 5.467297947107014888e-01
1.512000000000000011e+00 5.467069038460790065e-01
1.512413183593749988e+00 5.466974228905310262e-01
1.512999999999999901e+00 5.465699511225560192e-01
1.514000000000000012e+00 5.459000953362550534e-01
1.514413671875000089e+00 5.458103445502060502e-01
1.514999999999999902e+00 5.453907139241602753e-01
1.516000000000000014e+00 5.446753405375085455e-01
1.516414257812499944e+00 5.441921301109048370e-01
1.516999999999999904e+00 5.432176368324479476e-01
1.518000000000000016e+00 5.420058990934132348e-01
1.518414843750000021e+00 5.413170051288410667e-01
1.518999999999999906e+00 5.403137838968183893e-01
1.520000000000000018e+00 5.390493569028127485e-01
1.520415429687500097e+00 5.385058517668395162e-01
1.520999999999999908e+00 5.376122122891974220e-01
1.522000000000000020e+00 5.356391652762556577e-01
1.522415917968749977e+00 5.350046130251265852e-01
1.522999999999999909e+00 5.338885390642981177e-01
1.524000000000000021e+00 5.315367426751893554e-01
1.524416503906250053e+00 5.307424863896138545e-01
1.524999999999999911e+00 5.294375459048277222e-01
1.526000000000000023e+00 5.272025502331644242e-01
1.526416992187499932e+00 5.260885246161992601e-01
1.526999999999999913e+00 5.245325915343439505e-01
1.528000000000000025e+00 5.223030566484943016e-01
1.528417480468750034e+00 5.211915777682607498e-01
1.528999999999999915e+00 5.197701187888831287e-01
1.530000000000000027e+00 5.177652779077286382e-01
1.530418066406250110e+00 5.167474953305265517e-01
1.530999999999999917e+00 5.155073999617242331e-01
1.532000000000000028e+00 5.138082605390115187e-01
1.532418554687499990e+00 5.129183512393311606e-01
1.532999999999999918e+00 5.120964600709740910e-01
1.534000000000000030e+00 5.111114597623506173e-01
1.534419238281250042e+00 5.105200202201520820e-01
1.534999999999999920e+00 5.100340420267932551e-01
1.536000000000000032e+00 5.096236918408434402e-01
1.536419726562499921e+00 5.094515257106555506e-01
1.536999999999999922e+00 5.095615404183365671e-01
1.538000000000000034e+00 5.093250289902281347e-01
1.538420312499999998e+00 5.094044700593792774e-01
1.538999999999999924e+00 5.099398365052670856e-01
1.540000000000000036e+00 5.104355432466686215e-01
1.540420800781250099e+00 5.108343166958752013e-01
1.540999999999999925e+00 5.116504313306525775e-01
1.542000000000000037e+00 5.126291915426024470e-01
1.542421289062499978e+00 5.132215707180545206e-01
1.542999999999999927e+00 5.141133919215249426e-01
1.544000000000000039e+00 5.152215479330727321e-01
1.544421875000000055e+00 5.158703310419805455e-01
1.544999999999999929e+00 5.168686874265044917e-01
1.546000000000000041e+00 5.181597952296098653e-01
1.546422363281249934e+00 5.187037979273998456e-01
1.546999999999999931e+00 5.194932357064842021e-01
1.548000000000000043e+00 5.212940748054988305e-01
1.548423046874999986e+00 5.218700501274304848e-01
1.548999999999999932e+00 5.222342560524914079e-01
1.550000000000000044e+00 5.233030955880815238e-01
1.550423535156250088e+00 5.236286378191298274e-01
1.550999999999999934e+00 5.237915767418791502e-01
1.552000000000000046e+00 5.245142935278830354e-01
1.552424121093749942e+00 5.246335462484467138e-01
1.552999999999999936e+00 5.246401572187890938e-01
1.554000000000000048e+00 5.250929652545729409e-01
1.554424609375000044e+00 5.250974662078210509e-01
1.554999999999999938e+00 5.250414153167231035e-01
1.556000000000000050e+00 5.249434213164744234e-01
1.556425195312499898e+00 5.250898116379940639e-01
1.556999999999999940e+00 5.250099380412633909e-01
1.558000000000000052e+00 5.244284184738875476e-01
1.558425683593750000e+00 5.243693280979562221e-01
1.558999999999999941e+00 5.243974275293604714e-01
1.560000000000000053e+00 5.240037972401412336e-01
1.560426171875000101e+00 5.240127303651217483e-01
1.560999999999999943e+00 5.239325231080504963e-01
1.562000000000000055e+00 5.233503486299057039e-01
1.562426757812499956e+00 5.231020010970777179e-01
1.562999999999999945e+00 5.229370364265245597e-01
1.564000000000000057e+00 5.230915100083873837e-01
1.564427343750000032e+00 5.229683466801093861e-01
1.564999999999999947e+00 5.228490947835556790e-01
1.566000000000000059e+00 5.226404569495350927e-01
1.566427929687500109e+00 5.227406033703164701e-01
1.566999999999999948e+00 5.230575574386800985e-01
1.568000000000000060e+00 5.231677333462599888e-01
1.568428417968749988e+00 5.234047611610181949e-01
1.568999999999999950e+00 5.235077487521585526e-01
1.570000000000000062e+00 5.232436598488452439e-01
1.570429003906250065e+00 5.231302671080594324e-01
1.570999999999999952e+00 5.230551321856166114e-01
1.572000000000000064e+00 5.233676568628762293e-01
1.572429492187499944e+00 5.233108067492719950e-01
1.572999999999999954e+00 5.231745103019894705e-01
1.574000000000000066e+00 5.229352566535693247e-01
1.574430078125000021e+00 5.230236700461933230e-01
1.574999999999999956e+00 5.229593983413542979e-01
1.576000000000000068e+00 5.224016893826419761e-01
1.576430566406249900e+00 5.221615978515461443e-01
1.576999999999999957e+00 5.217536970726762702e-01
1.578000000000000069e+00 5.210378345201416295e-01
1.578431054687500001e+00 5.209209981412976642e-01
1.578999999999999959e+00 5.206314477152560460e-01
1.580000000000000071e+00 5.196788216088098489e-01
1.580431738281250054e+00 5.192767415559323974e-01
1.580999999999999961e+00 5.188976879056039770e-01
1.582000000000000073e+00 5.186743080786317961e-01
1.582432226562499933e+00 5.183862075185258211e-01
1.582999999999999963e+00 5.179031525320765272e-01
1.584000000000000075e+00 5.170529234995875356e-01
1.584432812500000010e+00 5.166851986485698767e-01
1.584999999999999964e+00 5.162333413591905229e-01
1.586000000000000076e+00 5.158792327607580885e-01
1.586433300781250111e+00 5.155343238907361680e-01
1.586999999999999966e+00 5.151281048849265520e-01
1.588000000000000078e+00 5.144116977700966542e-01
1.588433886718749966e+00 5.141010433726127538e-01
1.588999999999999968e+00 5.137701049808047760e-01
1.590000000000000080e+00 5.136269596453308939e-01
1.590434375000000067e+00 5.133731281216863396e-01
1.590999999999999970e+00 5.130574775878554705e-01
1.592000000000000082e+00 5.124995871136428516e-01
1.592434863281249946e+00 5.122570699336342903e-01
1.592999999999999972e+00 5.120158283145934686e-01
1.594000000000000083e+00 5.115888664545583664e-01
1.594435546874999998e+00 5.115949883658544861e-01
1.594999999999999973e+00 5.112933735238976984e-01
1.596000000000000085e+00 5.103188376267380200e-01
1.596436035156250099e+00 5.098942074136559865e-01
1.596999999999999975e+00 5.093452900189692212e-01
1.598000000000000087e+00 5.083727820201739966e-01
1.598436621093749954e+00 5.079485123650674394e-01
1.598999999999999977e+00 5.071962001530126996e-01
1.600000000000000089e+00 5.063001604949828316e-01
1.600437109375000055e+00 5.057260883031698961e-01
1.600999999999999979e+00 5.048410486186195589e-01
1.602000000000000091e+00 5.032704496165372188e-01
1.602437695312499910e+00 5.025836517185419128e-01
1.602999999999999980e+00 5.016143853838833655e-01
1.604000000000000092e+00 4.998925385838003388e-01
1.604438183593750011e+00 4.991388392729930179e-01
1.604999999999999982e+00 4.981877543981139689e-01
1.606000000000000094e+00 4.969284363966548490e-01
1.606438769531250088e+00 4.961867129962950762e-01
1.606999999999999984e+00 4.955143319007234148e-01
1.608000000000000096e+00 4.943174531936642135e-01
1.608439257812499967e+00 4.937921450462386952e-01
1.608999999999999986e+00 4.932377298802855248e-01
1.610000000000000098e+00 4.922498222090549436e-01
1.610439843750000044e+00 4.918156479522051705e-01
1.610999999999999988e+00 4.914217399769595374e-01
1.612000000000000099e+00 4.907188625496413104e-01
1.612440429687499899e+00 4.904094733514080540e-01
1.612999999999999989e+00 4.903330040512948185e-01
1.614000000000000101e+00 4.901958328898803341e-01
1.614440917968750000e+00 4.901351631225145389e-01
1.614999999999999991e+00 4.901441513283321672e-01
1.616000000000000103e+00 4.905891423295644649e-01
1.616441503906250077e+00 4.905958456694635150e-01
1.616999999999999993e+00 4.908331361772308998e-01
1.618000000000000105e+00 4.912566503561068276e-01
1.618441992187499956e+00 4.914433279331371640e-01
1.618999999999999995e+00 4.916214097829630369e-01
1.620000000000000107e+00 4.919393432013909329e-01
1.620442578125000033e+00 4.920396391849134465e-01
1.620999999999999996e+00 4.921086281463931678e-01
1.622000000000000108e+00 4.922314045937992155e-01
1.622443066406249912e+00 4.922853532914679975e-01
1.622999999999999998e+00 4.919981384217081422e-01
1.624000000000000110e+00 4.914825347259663135e-01
1.624443554687500013e+00 4.912539019310391275e-01
1.625000000000000000e+00 4.906136432379497037e-01
1.625999999999999890e+00 4.894642126078108113e-01
1.626444238281250065e+00 4.889541269480664476e-01
1.627000000000000002e+00 4.879218569189677779e-01
1.627999999999999892e+00 4.860669258671133086e-01
1.628444726562499945e+00 4.852430279099270161e-01
1.629000000000000004e+00 4.840467176688068585e-01
1.629999999999999893e+00 4.818953751637836680e-01
1.630445312500000021e+00 4.809385980845502506e-01
1.631000000000000005e+00 4.792859003341544688e-01
1.631999999999999895e+00 4.763109928280697680e-01
1.632445800781249901e+00 4.749866411085242879e-01
1.633000000000000007e+00 4.734256928094688899e-01
1.633999999999999897e+00 4.706133831270669088e-01
1.634446386718749977e+00 4.693598022825165028e-01
1.635000000000000009e+00 4.678343645040093923e-01
1.635999999999999899e+00 4.650830696470973913e-01
1.636446875000000079e+00 4.636705154951030194e-01
1.637000000000000011e+00 4.623125934753415378e-01
1.637999999999999901e+00 4.602740475399505482e-01
1.638447460937499933e+00 4.593631091440105174e-01
1.639000000000000012e+00 4.590260034964506186e-01
1.639999999999999902e+00 4.584161720104852344e-01
1.640448046875000010e+00 4.582641253738891640e-01
1.641000000000000014e+00 4.584346700501018002e-01
1.641999999999999904e+00 4.587428504488844094e-01
1.642448437499999914e+00 4.588807340248746702e-01
1.643000000000000016e+00 4.596407501656296635e-01
1.643999999999999906e+00 4.610170121488700867e-01
1.644449023437499990e+00 4.616342418302932238e-01
1.645000000000000018e+00 4.629256086642405399e-01
1.645999999999999908e+00 4.648480341612595268e-01
1.646449609375000067e+00 4.658984389066935239e-01
1.647000000000000020e+00 4.673336727745611152e-01
1.647999999999999909e+00 4.699385305035342908e-01
1.648450195312499922e+00 4.711099983294280702e-01
1.649000000000000021e+00 4.723760499683256064e-01
1.649999999999999911e+00 4.746761858568011583e-01
1.650450781249999999e+00 4.757119714191213600e-01
1.651000000000000023e+00 4.763744463281467945e-01
1.651999999999999913e+00 4.775790023078976820e-01
1.652451367187500075e+00 4.779264750548559704e-01
1.653000000000000025e+00 4.775744978975586807e-01
1.653999999999999915e+00 4.773658534241747020e-01
1.654451757812499979e+00 4.772714851053999063e-01
1.655000000000000027e+00 4.766695618345647700e-01
1.655999999999999917e+00 4.755720943968058667e-01
1.656452343750000056e+00 4.750758973791205930e-01
1.657000000000000028e+00 4.738946269956123003e-01
1.657999999999999918e+00 4.713090531055783017e-01
1.658452929687499910e+00 4.703341164141298103e-01
1.659000000000000030e+00 4.690223484628829875e-01
1.659999999999999920e+00 4.666262070841217247e-01
1.660453320312500036e+00 4.650070556901022556e-01
1.661000000000000032e+00 4.632867546911378365e-01
1.661999999999999922e+00 4.597288243990176326e-01
1.662453906249999891e+00 4.583106873417899241e-01
1.663000000000000034e+00 4.570866793872349065e-01
1.663999999999999924e+00 4.548512677974946850e-01
1.664454492187499968e+00 4.538378861470394043e-01
1.665000000000000036e+00 4.533625633734148508e-01
1.665999999999999925e+00 4.520742899477798171e-01
1.666455078125000044e+00 4.516774338810822242e-01
1.667000000000000037e+00 4.511889342858005358e-01
1.667999999999999927e+00 4.502919665414417683e-01
1.668455664062499899e+00 4.496938784186812477e-01
1.669000000000000039e+00 4.490832933372533309e-01
1.669999999999999929e+00 4.483753723528290935e-01
1.670456249999999976e+00 4.480518143466043490e-01
1.671000000000000041e+00 4.471762558779268648e-01
1.671999999999999931e+00 4.451560617579273793e-01
1.672456640625000102e+00 4.444239726826190173e-01
1.673000000000000043e+00 4.425061331535511955e-01
1.673999999999999932e+00 4.389889841868200304e-01
1.674457226562499956e+00 4.372003111719315882e-01
1.675000000000000044e+00 4.342085863240773835e-01
1.675999999999999934e+00 4.291236466273619099e-01
1.676457812500000033e+00 4.268045051896574571e-01
1.677000000000000046e+00 4.238510428453132195e-01
1.677999999999999936e+00 4.180352029090284582e-01
1.678458203124999937e+00 4.155611031066205330e-01
1.679000000000000048e+00 4.133299434088090751e-01
1.679999999999999938e+00 4.088444942111870706e-01
1.680458984374999964e+00 4.069781199779867742e-01
1.681000000000000050e+00 4.043626714710747416e-01
1.681999999999999940e+00 3.995473080765422624e-01
1.682459375000000090e+00 3.971719781900000523e-01
1.683000000000000052e+00 3.899076387150565148e-01
1.683999999999999941e+00 3.769034748922456268e-01
1.684459960937499945e+00 3.707871824494619051e-01
1.685000000000000053e+00 3.526598991555582874e-01
1.685999999999999943e+00 3.196018726491722250e-01
1.686460546875000022e+00 3.043140118120155058e-01
1.687000000000000055e+00 2.762613339992636141e-01
1.687999999999999945e+00 2.247985052886023460e-01
1.688461132812500098e+00 2.011772689163860983e-01
1.689000000000000057e+00 1.764971804502979691e-01
1.689999999999999947e+00 1.307973246091949648e-01
1.690461523437500002e+00 1.098810715713770397e-01
1.691000000000000059e+00 9.515377101542954463e-02
1.691999999999999948e+00 6.787366720766276063e-02
1.692462109375000079e+00 5.536800759092067037e-02
1.693000000000000060e+00 4.794605701580602342e-02
1.693999999999999950e+00 3.418321376468622108e-02
1.694462695312499934e+00 2.786624055060653998e-02
1.695000000000000062e+00 2.427996015970873209e-02
1.695999999999999952e+00 1.762151959234013049e-02
1.696463281250000010e+00 1.455560138389107652e-02
1.697000000000000064e+00 1.279950840131407856e-02
1.697999999999999954e+00 9.557713126564369027e-03
1.698463867187500087e+00 8.057484883242571269e-03
1.699000000000000066e+00 7.123001294397086035e-03
1.699999999999999956e+00 5.396368622681117951e-03
1.700464257812499991e+00 4.594897916885576708e-03
1.701000000000000068e+00 4.116584883240354507e-03
1.701999999999999957e+00 3.233644482921428469e-03
1.702464843750000068e+00 2.824350408920886946e-03
1.703000000000000069e+00 2.524310852875677729e-03
1.703999999999999959e+00 1.967903516835125925e-03
1.704465429687499922e+00 1.711591384078871292e-03
1.705000000000000071e+00 1.574145866341384150e-03
1.705999999999999961e+00 1.317328786440158427e-03
1.706466015624999999e+00 1.199060996893460199e-03
1.707000000000000073e+00 1.075318503865966549e-03
1.707999999999999963e+00 8.441959807754381359e-04
1.708466406249999903e+00 7.371898616629882130e-04
1.709000000000000075e+00 6.480193054042041002e-04
1.709999999999999964e+00 4.826637826994053799e-04
1.710466992187499979e+00 4.057212531790677719e-04
1.711000000000000076e+00 3.722840771373996734e-04
1.711999999999999966e+00 3.100317244849955961e-04
1.712467578125000056e+00 2.812676858510043828e-04
1.713000000000000078e+00 2.806444852749305691e-04
1.713999999999999968e+00 2.792006254675424067e-04
1.714468164062499911e+00 2.785260264386293038e-04
1.715000000000000080e+00 2.355740254496329386e-04
1.715999999999999970e+00 1.555972150961292433e-04
1.716468749999999988e+00 1.182821665687621370e-04
1.717000000000000082e+00 1.179560738582106379e-04
1.717999999999999972e+00 1.173435522979135844e-04
1.718469140624999891e+00 1.171113054867059836e-04
1.719000000000000083e+00 1.168487558223608243e-04
1.719999999999999973e+00 1.162392515485185835e-04
1.720469726562499968e+00 1.155135568777053428e-04
1.721000000000000085e+00 1.045588353920649561e-04
1.721999999999999975e+00 8.429696309875229999e-05
1.722470312500000045e+00 7.498137457514135018e-05
1.723000000000000087e+00 7.448055364533548775e-05
1.723999999999999977e+00 7.346323459683778978e-05
1.725000000000000089e+00 7.244998705252513342e-05
1.725999999999999979e+00 7.144081592827491620e-05
1.727000000000000091e+00 7.043570879891822571e-05
1.727999999999999980e+00 6.950480550384213882e-05
1.729000000000000092e+00 6.850696060150919596e-05
1.729999999999999982e+00 6.751316904028521683e-05
1.731000000000000094e+00 6.652343522754460990e-05
1.731999999999999984e+00 6.553774726400437038e-05
1.733000000000000096e+00 6.455610935422108235e-05
1.733999999999999986e+00 6.357850980885323446e-05
1.735000000000000098e+00 6.266903056926487170e-05
1.735999999999999988e+00 6.169864511602237409e-05
1.737000000000000099e+00 6.073228740859858935e-05
1.737999999999999989e+00 5.976996114551907311e-05
1.739000000000000101e+00 5.881165877468795452e-05
1.739999999999999991e+00 5.785737295120871234e-05
1.741000000000000103e+00 5.609707320109089509e-05
1.741999999999999993e+00 5.434476009893020825e-05
1.743000000000000105e+00 5.260043255760002016e-05
1.743999999999999995e+00 5.086407605312960709e-05
1.745000000000000107e+00 4.913568910196271699e-05
1.745999999999999996e+00 4.741525759213125217e-05
1.747000000000000108e+00 4.570277964423596136e-05
1.747999999999999998e+00 4.399824431244256519e-05
1.749000000000000110e+00 4.230164105791524130e-05
1.750000000000000000e+00 4.061296740858890233e-05
1.750999999999999890e+00 3.893221027989845996e-05
1.752000000000000002e+00 3.725936680540008330e-05
1.752999999999999892e+00 3.559442431044970289e-05
1.754000000000000004e+00 3.393737953480970525e-05
1.754999999999999893e+00 3.228822226489887534e-05
1.756000000000000005e+00 3.064694269206349347e-05
1.756999999999999895e+00 2.901353696647096024e-05
1.758000000000000007e+00 2.738799343568320765e-05
1.758999999999999897e+00 2.577030785753410807e-05
1.760000000000000009e+00 2.413443433373860472e-05
1.760999999999999899e+00 2.318327647035514906e-05
1.762000000000000011e+00 2.223658922421496736e-05
1.762999999999999901e+00 2.129437155034806460e-05
1.764000000000000012e+00 2.035661798166952952e-05
1.764999999999999902e+00 1.942332328402092192e-05
1.766000000000000014e+00 1.847427257293772086e-05
1.766999999999999904e+00 1.755085579232737707e-05
1.768000000000000016e+00 1.663188660788936360e-05
1.768999999999999906e+00 1.571736002267021026e-05
1.770000000000000018e+00 1.479092986096088987e-05
1.770999999999999908e+00 1.388624545018070224e-05
1.772000000000000020e+00 1.298599215310128869e-05
1.772999999999999909e+00 1.209016520936801738e-05
1.774000000000000021e+00 1.118627779848299945e-05
1.774999999999999911e+00 1.030025659919593152e-05
1.776000000000000023e+00 9.418650801811281239e-06
1.776999999999999913e+00 8.541455137822693961e-06
1.778000000000000025e+00 7.660031083021012055e-06
1.778999999999999915e+00 6.792605763753888788e-06
1.780000000000000027e+00 5.929579187550924566e-06
1.780999999999999917e+00 5.687518765158786871e-06
1.782000000000000028e+00 5.453328949637419221e-06
1.782999999999999918e+00 5.214333598882717071e-06
1.784000000000000030e+00 4.982702388197046482e-06
1.784999999999999920e+00 4.752222576052084638e-06
1.786000000000000032e+00 4.517688828829491411e-06
1.786999999999999922e+00 4.289760857866070633e-06
1.788000000000000034e+00 4.058278566305954369e-06
1.788999999999999924e+00 3.832897254458810393e-06
1.790000000000000036e+00 3.604460913378787576e-06
1.790999999999999925e+00 3.381621422847931165e-06
1.792000000000000037e+00 3.156225531555360886e-06
1.792999999999999927e+00 2.935923028607305067e-06
1.794000000000000039e+00 2.713562090897639849e-06
1.794999999999999929e+00 2.495791745863890928e-06
1.796000000000000041e+00 2.276460270019048306e-06
1.796999999999999931e+00 2.061217257294597298e-06
1.798000000000000043e+00 1.844909756081313611e-06
1.798999999999999932e+00 1.632189254123127250e-06
1.800000000000000044e+00 1.418900244791328373e-06
1.800100000000000033e+00 0.000000000000000000e+00
1.800200000000000022e+00 0.000000000000000000e+00
1.820000000000000062e+00 0.000000000000000000e+00
1.822470312499999912e+00 0.000000000000000000e+00
1.840000000000000080e+00 0.000000000000000000e+00
1.860000000000000098e+00 0.000000000000000000e+00
1.879999999999999893e+00 0.000000000000000000e+00
1.899999999999999911e+00 0.000000000000000000e+00
1.919999999999999929e+00 0.000000000000000000e+00
1.922470312500000000e+00 0.000000000000000000e+00
1.922570312499999989e+00 0.000000000000000000e+00
1.922670312499999978e+00 0.000000000000000000e+00
1.939999999999999947e+00 0.000000000000000000e+00
1.959999999999999964e+00 0.000000000000000000e+00
1.979999999999999982e+00 0.000000000000000000e+00
2.000000000000000000e+00 0.000000000000000000e+00
2.000100000000000211e+00 0.000000000000000000e+00
2.000199999999999978e+00 0.000000000000000000e+00
3.000000000000000000e+00 0.000000000000000000e+00
3.000999999999999890e+00 0.000000000000000000e+00
