# WAVELENGTH THROUGHPUT
3.646973653999999954e+00 0.000000000000000000e+00
3.648324885000000073e+00 0.000000000000000000e+00
3.649676116000000192e+00 2.602974593785007727e-05
3.651027346999999867e+00 2.639450841694570838e-05
3.652378579000000069e+00 2.676028484569796046e-05
3.653729810000000189e+00 2.680785280664141202e-05
3.655081041999999947e+00 2.671161348230852812e-05
3.656432273000000066e+00 2.670949894101165613e-05
3.657783504000000185e+00 2.673940410296634263e-05
3.659134735999999943e+00 2.700643262405136839e-05
3.660485967000000063e+00 2.748620135435042344e-05
3.661837198999999821e+00 2.792995655185365238e-05
3.663188429999999940e+00 2.847014056460439669e-05
3.664539662000000142e+00 2.907758699892459207e-05
3.665890892999999817e+00 2.984394615910710910e-05
3.667242125000000019e+00 3.079839390180845438e-05
3.668593356000000139e+00 3.166042508792647975e-05
3.669944586999999814e+00 3.226512115965730925e-05
3.671295819000000016e+00 3.287763584852058870e-05
3.672647050000000135e+00 3.372725003704816539e-05
3.673998281999999893e+00 3.477963127743589726e-05
3.675349513000000012e+00 3.588735239053406778e-05
3.676700745000000214e+00 3.704568149862703697e-05
3.678051975999999890e+00 3.828786047311702256e-05
3.679403208000000092e+00 3.957252778917642432e-05
3.680754439000000211e+00 4.105262344628388935e-05
3.682105669999999886e+00 4.241488847162588498e-05
3.683456902000000088e+00 4.326200726018518324e-05
3.684808133000000208e+00 4.404700775962977846e-05
3.686159364999999966e+00 4.505218178374133432e-05
3.687510596000000085e+00 4.609167820764946736e-05
3.688861827999999843e+00 4.735486815113661938e-05
3.690213058999999962e+00 4.890228034734514490e-05
3.691564290000000081e+00 5.061000231748813215e-05
3.692915521999999839e+00 5.285587222581518223e-05
3.694266752999999959e+00 5.557641055997108201e-05
3.695617985000000161e+00 5.857311905728475212e-05
3.696969215999999836e+00 6.204525151719626405e-05
3.698320448000000038e+00 6.563204079201420053e-05
3.699671679000000157e+00 6.902103970452387756e-05
3.701022910999999915e+00 7.244506188555701058e-05
3.702374142000000035e+00 7.598025089053701158e-05
3.703725373000000154e+00 7.989874709375251681e-05
3.705076604999999912e+00 8.408850690881753223e-05
3.706427836000000031e+00 8.815676868209207319e-05
3.707779067999999789e+00 9.224459272683829358e-05
3.709130298999999908e+00 9.693675139733535194e-05
3.710481531000000111e+00 1.023360554048464863e-04
3.711832761999999786e+00 1.082263875516513511e-04
3.713183992999999905e+00 1.144325171162609360e-04
3.714535225000000107e+00 1.209470062679925600e-04
3.715886455999999782e+00 1.284097434728904399e-04
3.717237687999999984e+00 1.369128567374770973e-04
3.718588919000000104e+00 1.461096557107381547e-04
3.719940150999999862e+00 1.555982079190882067e-04
3.721291381999999981e+00 1.654873605244555818e-04
3.722642614000000183e+00 1.765784978790716181e-04
3.723993844999999858e+00 1.889618287438730559e-04
3.725345075999999978e+00 2.018113457688807950e-04
3.726696308000000180e+00 2.149210641854326013e-04
3.728047538999999855e+00 2.285720676203710196e-04
3.729398771000000057e+00 2.431734057496618535e-04
3.730750002000000176e+00 2.595222634622182823e-04
3.732101233999999934e+00 2.774736723242037743e-04
3.733452465000000053e+00 2.962791864945472226e-04
3.734803696000000173e+00 3.161210873371663528e-04
3.736154927999999931e+00 3.373720969038230275e-04
3.737506159000000050e+00 3.602520919998498288e-04
3.738857390999999808e+00 3.849768743910533591e-04
3.740208621999999927e+00 4.109259030397703757e-04
3.741559854000000129e+00 4.377455750029017557e-04
3.742911084999999805e+00 4.660432068169185951e-04
3.744262317000000007e+00 4.959884794800384052e-04
3.745613548000000126e+00 5.276684781064197062e-04
3.746964778999999801e+00 5.614645518323140190e-04
3.748316011000000003e+00 5.972112809253841362e-04
3.749667242000000122e+00 6.351704454518171481e-04
3.751018473999999880e+00 6.761196452236803477e-04
3.752369705000000000e+00 7.196539275616402375e-04
3.753720937000000202e+00 7.655393368039786718e-04
3.755072167999999877e+00 8.140240131855908546e-04
3.756423400000000079e+00 8.650854743808837795e-04
3.757774631000000198e+00 9.192468080114115508e-04
3.759125861999999874e+00 9.767776734205455263e-04
3.760477094000000076e+00 1.037126120714687138e-03
3.761828325000000195e+00 1.100583650158951012e-03
3.763179556999999953e+00 1.167676868512763748e-03
3.764530788000000072e+00 1.238282367153003584e-03
3.765882019999999830e+00 1.312788641128375278e-03
3.767233250999999949e+00 1.391419170594135248e-03
3.768584482000000069e+00 1.473968556370908308e-03
3.769935713999999827e+00 1.561057209198113069e-03
3.771286944999999946e+00 1.652882908753320040e-03
3.772638177000000148e+00 1.748973114697756088e-03
3.773989407999999823e+00 1.849936976978613836e-03
3.775340640000000025e+00 1.956270848722348014e-03
3.776691871000000145e+00 2.067838495635626085e-03
3.778043102999999903e+00 2.185518081341121348e-03
3.779394334000000022e+00 2.309384958952605087e-03
3.780745565000000141e+00 2.439575890352625211e-03
3.782096796999999899e+00 2.576977912081648316e-03
3.783448028000000019e+00 2.721816218700956816e-03
3.784799260000000221e+00 2.874343032655923662e-03
3.786150490999999896e+00 3.035565525359497710e-03
3.787501723000000098e+00 3.205920209126303204e-03
3.788852954000000217e+00 3.385843734731373324e-03
3.790204184999999892e+00 3.576272551804627296e-03
3.791555417000000094e+00 3.777661632537742536e-03
3.792906648000000214e+00 3.990951520168950842e-03
3.794257879999999972e+00 4.217548303710924248e-03
3.795609111000000091e+00 4.457983996298473840e-03
3.796960342999999849e+00 4.713378270158412840e-03
3.798311573999999968e+00 4.985449766643204952e-03
3.799662806000000170e+00 5.274826005078204171e-03
3.801014036999999846e+00 5.582721197899842905e-03
3.802365267999999965e+00 5.911120993097656803e-03
3.803716500000000167e+00 6.261663550900884584e-03
3.805067730999999842e+00 6.636270270635698416e-03
3.806418963000000044e+00 7.037390245398609558e-03
3.807770194000000163e+00 7.466574573717083517e-03
3.809121425999999921e+00 7.925904643769235078e-03
3.810472657000000041e+00 8.418965105289308998e-03
3.811823888999999799e+00 8.948238815427162277e-03
3.813175119999999918e+00 9.516270729759511784e-03
3.814526351000000037e+00 1.012726867266628555e-02
3.815877582999999795e+00 1.078473270961815070e-02
3.817228813999999915e+00 1.149268424077625785e-02
3.818580046000000117e+00 1.225690908407638460e-02
3.819931276999999792e+00 1.308152245794892005e-02
3.821282508999999994e+00 1.397118252383525334e-02
3.822633740000000113e+00 1.493379967652456314e-02
3.823984970999999788e+00 1.597543983216994506e-02
3.825336202999999990e+00 1.710173817650728276e-02
3.826687434000000110e+00 1.832164536929560550e-02
3.828038665999999868e+00 1.964116472285488968e-02
3.829389896999999987e+00 2.107163116319402119e-02
3.830741129000000189e+00 2.262237290145997781e-02
3.832092359999999864e+00 2.430233081948749221e-02
3.833443592000000066e+00 2.612608869222206309e-02
3.834794823000000186e+00 2.810512102844775484e-02
3.836146053999999861e+00 3.025081475823998556e-02
3.837497286000000063e+00 3.258168750879112535e-02
3.838848517000000182e+00 3.511144042053299108e-02
3.840199748999999940e+00 3.785338452953065924e-02
3.841550980000000060e+00 4.082977144628678612e-02
3.842902211999999817e+00 4.405602164650258834e-02
3.844253442999999937e+00 4.754672217752767271e-02
3.845604674000000056e+00 5.132810904203243679e-02
3.846955905999999814e+00 5.541704970016964743e-02
3.848307136999999933e+00 5.982949810993393180e-02
3.849658369000000135e+00 6.459462421662162668e-02
3.851009599999999811e+00 6.972310240904894263e-02
3.852360832000000013e+00 7.524557525323696816e-02
3.853712063000000132e+00 8.117707496183342031e-02
3.855063294999999890e+00 8.752851757387397624e-02
3.856414526000000009e+00 9.432852254625218036e-02
3.857765757000000129e+00 1.015841992974073349e-01
3.859116988999999887e+00 1.092960034707832762e-01
3.860468220000000006e+00 1.174865582436278588e-01
3.861819452000000208e+00 1.261518710418365885e-01
3.863170682999999883e+00 1.352800165376215336e-01
3.864521915000000085e+00 1.448833257852076284e-01
3.865873146000000204e+00 1.549417414473452381e-01
3.867224376999999880e+00 1.654265241352415594e-01
3.868575609000000082e+00 1.763373666214054225e-01
3.869926840000000201e+00 1.876380414283279896e-01
3.871278071999999959e+00 1.992819667990756716e-01
3.872629303000000078e+00 2.112525316648984075e-01
3.873980534999999836e+00 2.234938902198460586e-01
3.875331765999999956e+00 2.359427753374293002e-01
3.876682998000000158e+00 2.485703826051400833e-01
3.878034228999999833e+00 2.612961057404409870e-01
3.879385459999999952e+00 2.740832399020191601e-01
3.880736692000000154e+00 2.868565580277805394e-01
3.882087922999999829e+00 2.995461480746492988e-01
3.883439155000000031e+00 3.121220789971185794e-01
3.884790386000000151e+00 3.245135096809341757e-01
3.886141617999999909e+00 3.366579379944408257e-01
3.887492849000000028e+00 3.485347383241496622e-01
3.888844080999999786e+00 3.600856396049272323e-01
3.890195311999999905e+00 3.712696589456658813e-01
3.891546543000000025e+00 3.820795364356527335e-01
3.892897774999999783e+00 3.924756104945305024e-01
3.894249005999999902e+00 4.024325311155461660e-01
3.895600238000000104e+00 4.119577092614722935e-01
3.896951468999999779e+00 4.210272913536570738e-01
3.898302700999999981e+00 4.296351182464793750e-01
3.899653932000000101e+00 4.377979230919929465e-01
3.901005163000000220e+00 4.455150266420469518e-01
3.902356394999999978e+00 4.527978188103715107e-01
3.903707626000000097e+00 4.596624821260139049e-01
3.905058857999999855e+00 4.661270765336517075e-01
3.906410088999999974e+00 4.721973748499740386e-01
3.907761321000000176e+00 4.779039150152138982e-01
3.909112551999999852e+00 4.832744253133607892e-01
3.910463784000000054e+00 4.883040002569282723e-01
3.911815015000000173e+00 4.930231328391493917e-01
3.913166245999999848e+00 4.974614922232916125e-01
3.914517478000000050e+00 5.016031854200884155e-01
3.915868709000000170e+00 5.054804119006897078e-01
3.917219940999999928e+00 5.091276358720413509e-01
3.918571172000000047e+00 5.125198125336178911e-01
3.919922403999999805e+00 5.156880331736961587e-01
3.921273634999999924e+00 5.186713723223109751e-01
3.922624866000000043e+00 5.214326747937213513e-01
3.923976097999999801e+00 5.240046357845000724e-01
3.925327328999999921e+00 5.264325129796645353e-01
3.926678561000000123e+00 5.286683971143916194e-01
3.928029791999999798e+00 5.307738685830262204e-01
3.929381024000000000e+00 5.327058528056430875e-01
3.930732255000000119e+00 5.344958303384879095e-01
3.932083486999999877e+00 5.361827495045257130e-01
3.933434717999999997e+00 5.377143520753027151e-01
3.934785949000000116e+00 5.391294576112606318e-01
3.936137180999999874e+00 5.404660205285425345e-01
3.937488411999999993e+00 5.416636981221003566e-01
3.938839644000000195e+00 5.427680808002286472e-01
3.940190874999999870e+00 5.438166305618263863e-01
3.941542107000000073e+00 5.447439546421842804e-01
3.942893338000000192e+00 5.455970870735924461e-01
3.944244568999999867e+00 5.464153547715976389e-01
3.945595801000000069e+00 5.471252773570365324e-01
3.946947032000000188e+00 5.477758720664280823e-01
3.948298263999999946e+00 5.484112809394010579e-01
3.949649495000000066e+00 5.489496620330819310e-01
3.951000726999999824e+00 5.494883173127931286e-01
3.952351957999999943e+00 5.499418522196259929e-01
3.953703190000000145e+00 5.503523698579555479e-01
3.955054420999999820e+00 5.507776496939598143e-01
3.956405651999999940e+00 5.511297846483493856e-01
3.957756884000000142e+00 5.514530013935212693e-01
3.959108114999999817e+00 5.518009419708140850e-01
3.960459347000000019e+00 5.520857063734654346e-01
3.961810578000000138e+00 5.523491222960603686e-01
3.963161809999999896e+00 5.526398442244236930e-01
3.964513041000000015e+00 5.528757178406247252e-01
3.965864273000000217e+00 5.530968007005652165e-01
3.967215503999999893e+00 5.533499839353748229e-01
3.968566735000000012e+00 5.535535339485220252e-01
3.969917967000000214e+00 5.537471171910296475e-01
3.971269197999999889e+00 5.539767710663986433e-01
3.972620430000000091e+00 5.541596546242197885e-01
3.973971661000000211e+00 5.543414361017962033e-01
3.975322892999999969e+00 5.545619918112485447e-01
3.976674124000000088e+00 5.547372606217227942e-01
3.978025355000000207e+00 5.549583440155124725e-01
3.979376586999999965e+00 5.551279987865851417e-01
3.980727818000000084e+00 5.552958621444559206e-01
3.982079049999999842e+00 5.555071568256155778e-01
3.983430280999999962e+00 5.556709516654271264e-01
3.984781513000000164e+00 5.558314861309960886e-01
3.986132743999999839e+00 5.560350580196157244e-01
3.987483976000000041e+00 5.561953443948154385e-01
3.988835207000000160e+00 5.563497648934165873e-01
3.990186437999999836e+00 5.565484205896014114e-01
3.991537670000000038e+00 5.567061897205235477e-01
3.992888901000000157e+00 5.568595752899454521e-01
3.994240132999999915e+00 5.570548952691867228e-01
3.995591364000000034e+00 5.572107146552922607e-01
3.996942595999999792e+00 5.573628045484407822e-01
3.998293826999999911e+00 5.575510152549048026e-01
3.999645058000000031e+00 5.577016721292271662e-01
4.000996289999999789e+00 5.578476735871216174e-01
4.002347520999999908e+00 5.579940625481153438e-01
4.003698753000000110e+00 5.581214741046889305e-01
4.005049984000000229e+00 5.582697166089004570e-01
4.006401216000000431e+00 5.583931366596872614e-01
4.007752446999999663e+00 5.585179266696784772e-01
4.009103678999999865e+00 5.586680198394398111e-01
4.010454909999999984e+00 5.587923392735364425e-01
4.011806141000000103e+00 5.589165211957337620e-01
4.013157373000000305e+00 5.590682070557035921e-01
4.014508604000000425e+00 5.591933434437361683e-01
4.015859835999999738e+00 5.593164951709205246e-01
4.017211066999999858e+00 5.594639494855884188e-01
4.018562299000000060e+00 5.595869874530094989e-01
4.019913530000000179e+00 5.597052681662324503e-01
4.021264761000000298e+00 5.598504747436228168e-01
4.022615992999999612e+00 5.599755546123461603e-01
4.023967223999999732e+00 5.600969716241273044e-01
4.025318455999999934e+00 5.602467139358773274e-01
4.026669687000000053e+00 5.603738520246854815e-01
4.028020919000000255e+00 5.605272711121788154e-01
4.029372150000000374e+00 5.606520860027323083e-01
4.030723381999999688e+00 5.607808119831274585e-01
4.032074612999999808e+00 5.609380960704546393e-01
4.033425843999999927e+00 5.610609579726781870e-01
4.034777076000000129e+00 5.611860372251193940e-01
4.036128307000000248e+00 5.613425942270371394e-01
4.037479538999999562e+00 5.614651755050822368e-01
4.038830769999999681e+00 5.615873645497009292e-01
4.040182001999999883e+00 5.617488276792210744e-01
4.041533233000000003e+00 5.618739798266261243e-01
4.042884465000000205e+00 5.619970981335085103e-01
4.044235696000000324e+00 5.621622767209417670e-01
4.045586927000000443e+00 5.622887979830952787e-01
4.046938158999999757e+00 5.624115111560786806e-01
4.048289389999999877e+00 5.625740837594987998e-01
4.049640622000000079e+00 5.626967207385452641e-01
4.050991853000000198e+00 5.628115391660897249e-01
4.052343085000000400e+00 5.629687236982197085e-01
4.053694315999999631e+00 5.630827542081626724e-01
4.055045546999999750e+00 5.632404134798021378e-01
4.056396778999999952e+00 5.633480139640315576e-01
4.057748010000000072e+00 5.634565613802410278e-01
4.059099241999999386e+00 5.636178254721788683e-01
4.060450473000000393e+00 5.637214956960731049e-01
4.061801704999999707e+00 5.638261919647924447e-01
4.063152935999999826e+00 5.639862633728602859e-01
4.064504168000000028e+00 5.640853000605473566e-01
4.065855399000000148e+00 5.641787454162942028e-01
4.067206630000000267e+00 5.643309527602222708e-01
4.068557862000000469e+00 5.644196453972488703e-01
4.069909093000000588e+00 5.644993466322535403e-01
4.071260324999999902e+00 5.646432675548795910e-01
4.072611556000000022e+00 5.647210438585090753e-01
4.073962788000000224e+00 5.647942303942605768e-01
4.075314019000000343e+00 5.649336882404476512e-01
4.076665249999999574e+00 5.650084728906232812e-01
4.078016481999999776e+00 5.651505302504800099e-01
4.079367712999999895e+00 5.652176905737027468e-01
4.080718945000000097e+00 5.652870064636865699e-01
4.082070176000000217e+00 5.654300164529210138e-01
4.083421408000000419e+00 5.654923913956861892e-01
4.084772638999999650e+00 5.655517979716440102e-01
4.086123870999999852e+00 5.656906177706715333e-01
4.087475101999999971e+00 5.657469825236052241e-01
4.088826333000000091e+00 5.658022402333616752e-01
4.090177565000000293e+00 5.659407198629300417e-01
4.091528796000000412e+00 5.659991938273509771e-01
4.092880027999999726e+00 5.660546005578059869e-01
4.094231258999999845e+00 5.661964122279943279e-01
4.095582491000000047e+00 5.662592385914897442e-01
4.096933722000000166e+00 5.663185457881125817e-01
4.098284953000000286e+00 5.664649872563513044e-01
4.099636185000000488e+00 5.665275506860150134e-01
4.100987415999999719e+00 5.665897995667434905e-01
4.102338647999999921e+00 5.667362124553846359e-01
4.103689878999999152e+00 5.667966611757508932e-01
4.105041110999999354e+00 5.669486540728030377e-01
4.106392342000000362e+00 5.670080808101802816e-01
4.107743573999999676e+00 5.670682414960537265e-01
4.109094804999999795e+00 5.672252234185866104e-01
4.110446035999999914e+00 5.672917138798179160e-01
4.111797268000000116e+00 5.673567570350772638e-01
4.113148499000000236e+00 5.675201647597423182e-01
4.114499731000000438e+00 5.675915528467463389e-01
4.115850962000000557e+00 5.676601960174760819e-01
4.117202194000000759e+00 5.678193258152307576e-01
4.118553424999999990e+00 5.678880687528697901e-01
4.119904657000000192e+00 5.679521991457141539e-01
4.121255887999999423e+00 5.681052275096868387e-01
4.122607119000000431e+00 5.681650154808566278e-01
4.123958351000000633e+00 5.682248208135780576e-01
4.125309581999999864e+00 5.683728738890703180e-01
4.126660814000000066e+00 5.684276593460371174e-01
4.128012045000000185e+00 5.685781992883351954e-01
4.129363277000000387e+00 5.686338597555982144e-01
4.130714507999999618e+00 5.686869606867230864e-01
4.132065738999999738e+00 5.688291947346844069e-01
4.133416970999999940e+00 5.688800882674032167e-01
4.134768202000000059e+00 5.689227714944238290e-01
4.136119434000000261e+00 5.690502813363157442e-01
4.137470665000000380e+00 5.690868414678937892e-01
4.138821896999999694e+00 5.691179481000752105e-01
4.140173128000000702e+00 5.692259514514181884e-01
4.141524360000000016e+00 5.692462816769112699e-01
4.142875591000000135e+00 5.692644802640409729e-01
4.144226821999999366e+00 5.693590909376453624e-01
4.145578053999999568e+00 5.693689326708788467e-01
4.146929285000000576e+00 5.693791900958735663e-01
4.148280516999999890e+00 5.694640491457362286e-01
4.149631748000000009e+00 5.694614779645914560e-01
4.150982980000000211e+00 5.694576653758103291e-01
4.152334211000000330e+00 5.695249909820225831e-01
4.153685441999999561e+00 5.695108704146678580e-01
4.155036673999999763e+00 5.695616281806625825e-01
4.156387904999999883e+00 5.695384048611989991e-01
4.157739136999999197e+00 5.695084493490973898e-01
4.159090368000000204e+00 5.695392755301879051e-01
4.160441600000000406e+00 5.694996714559033002e-01
4.161792830999999637e+00 5.694600957218662884e-01
4.163144062999999839e+00 5.694772444366690278e-01
4.164495293999999959e+00 5.694272761099448132e-01
4.165846525000000078e+00 5.693779476734152079e-01
4.167197757000000280e+00 5.693834821713842365e-01
4.168548988000000399e+00 5.693208054171075005e-01
4.169900220000000601e+00 5.692562841012802632e-01
4.171251450999999832e+00 5.692396408476469993e-01
4.172602683000000034e+00 5.691686659324357578e-01
4.173953914000000154e+00 5.690939309539768676e-01
4.175305146000000356e+00 5.690601490895307313e-01
4.176656377000000475e+00 5.689817326986535972e-01
4.178007607999999706e+00 5.689369620155988461e-01
4.179358839999999908e+00 5.688530463996450681e-01
4.180710071000000028e+00 5.687710436790647250e-01
4.182061303000000230e+00 5.687224014996929977e-01
4.183412534000000349e+00 5.686362846131888249e-01
4.184763765999999663e+00 5.685530468072766963e-01
4.186114996999999782e+00 5.684997442311825466e-01
4.187466227999999901e+00 5.684146772779811174e-01
4.188817460000000104e+00 5.683273457807980211e-01
4.190168691000000223e+00 5.682658365563404423e-01
4.191519923000000425e+00 5.681784669514782227e-01
4.192871154000000544e+00 5.680883805907197548e-01
4.194222386000000746e+00 5.680191296350545205e-01
4.195573616999999977e+00 5.679330191762362867e-01
4.196924849000000179e+00 5.678467493036880587e-01
4.198276079999999411e+00 5.677761026407139866e-01
4.199627311000000418e+00 5.676962112473701305e-01
4.200978542999999732e+00 5.676204990575386411e-01
4.202329773999999851e+00 5.675570426958960191e-01
4.203681006000000053e+00 5.674840769591554812e-01
4.205032237000000173e+00 5.674242250763440465e-01
4.206383469000000375e+00 5.673559724992451869e-01
4.207734699999999606e+00 5.672884006320026984e-01
4.209085930999999725e+00 5.672280838309904372e-01
4.210437162999999927e+00 5.671658912911601291e-01
4.211788394000000046e+00 5.671021283877064612e-01
4.213139626000000248e+00 5.670408888577955775e-01
4.214490857000000368e+00 5.669810401037806979e-01
4.215842088999999682e+00 5.669244081969160298e-01
4.217193320000000689e+00 5.668662124762335885e-01
4.218544552000000003e+00 5.668109641928499309e-01
4.219895783000000122e+00 5.667597832771433808e-01
4.221247013999999353e+00 5.667082118766475496e-01
4.222598246000000444e+00 5.666588467235109672e-01
4.223949476999999675e+00 5.666126823668240498e-01
4.225300708999999877e+00 5.665635782991648162e-01
4.226651939999999996e+00 5.665156402299957872e-01
4.228003171999999310e+00 5.664590101297065639e-01
4.229354403000000318e+00 5.664073673476337500e-01
4.230705634000000437e+00 5.663527133816844694e-01
4.232056865999999751e+00 5.662855462306306542e-01
4.233408097000000758e+00 5.662198894237233660e-01
4.234759329000000072e+00 5.661546483776056515e-01
4.236110560000000191e+00 5.660828861570561532e-01
4.237461792000000393e+00 5.660186635157582469e-01
4.238813022999999625e+00 5.659611688161121368e-01
4.240164254999999827e+00 5.659052835714430962e-01
4.241515485999999946e+00 5.658595677659548073e-01
4.242866717000000065e+00 5.658179957778501912e-01
4.244217949000000267e+00 5.657779524250980963e-01
4.245569180000000387e+00 5.657466411030763753e-01
4.246920412000000589e+00 5.657136539085838578e-01
4.248271642999999820e+00 5.656752049822172390e-01
4.249622875000000022e+00 5.656416654300788771e-01
4.250974105999999253e+00 5.656046517731943002e-01
4.252325338000000343e+00 5.655602708455048644e-01
4.253676569000000462e+00 5.655191102916520274e-01
4.255027799999999694e+00 5.654775505604907604e-01
4.256379031999999896e+00 5.654373360011097915e-01
4.257730263000000015e+00 5.653966388312996472e-01
4.259081495000000217e+00 5.653571378906125933e-01
4.260432726000000336e+00 5.653190445459467250e-01
4.261783957999999650e+00 5.652787085979480430e-01
4.263135188999999770e+00 5.652393619505251543e-01
4.264486419999999889e+00 5.651983834150952068e-01
4.265837652000000091e+00 5.651541025330920620e-01
4.267188883000000210e+00 5.651078514840941480e-01
4.268540115000000412e+00 5.650537119735792313e-01
4.269891346000000532e+00 5.649969363214976115e-01
4.271242578000000734e+00 5.649422531501838707e-01
4.272593808999999965e+00 5.648764235511789522e-01
4.273945041000000167e+00 5.648090307668731658e-01
4.275296271999999398e+00 5.647505906052472380e-01
4.276647503000000405e+00 5.646811781637116612e-01
4.277998734999999719e+00 5.646103638373995981e-01
4.279349965999999839e+00 5.645529760247479656e-01
4.280701198000000041e+00 5.644853728916949809e-01
4.282052429000000160e+00 5.644285442859477975e-01
4.283403661000000362e+00 5.643553800450549218e-01
4.284754891999999593e+00 5.642800314677909324e-01
4.286106122999999712e+00 5.642171224506818961e-01
4.287457354999999914e+00 5.641325654326405648e-01
4.288808586000000034e+00 5.640446572257739044e-01
4.290159818000000236e+00 5.639741820914093706e-01
4.291511049000000355e+00 5.638825832137608352e-01
4.292862280999999669e+00 5.637881316933592846e-01
4.294213512000000676e+00 5.637146329435667180e-01
4.295564743999999990e+00 5.636208587680618942e-01
4.296915975000000110e+00 5.635259967439864015e-01
4.298267206000000229e+00 5.634533682766755813e-01
4.299618438000000431e+00 5.633578244893331366e-01
4.300969668999999662e+00 5.632614184710615923e-01
4.302320900999999864e+00 5.631873003797723820e-01
4.303672131999999984e+00 5.630851918685301216e-01
4.305023363999999297e+00 5.630095234680114746e-01
4.306374595000000305e+00 5.629060183043625987e-01
4.307725826000000424e+00 5.627997530237173196e-01
4.309077057999999738e+00 5.627202605692749326e-01
4.310428289000000746e+00 5.626131770075678551e-01
4.311779521000000059e+00 5.625055228398658791e-01
4.313130752000000179e+00 5.624262132604676001e-01
4.314481984000000381e+00 5.623169979839930388e-01
4.315833214999999612e+00 5.622084448471345031e-01
4.317184446999999814e+00 5.621297405480152332e-01
4.318535677999999933e+00 5.620183579666711005e-01
4.319886909000000053e+00 5.619062056669956728e-01
4.321238141000000255e+00 5.618253756194000470e-01
4.322589372000000374e+00 5.617109392359493913e-01
4.323940604000000576e+00 5.615935812751287060e-01
4.325291834999999807e+00 5.615068414352140103e-01
4.326643067000000009e+00 5.613870177351804047e-01
4.327994297999999240e+00 5.612649712800794610e-01
4.329345529999999442e+00 5.611728555690033149e-01
4.330696760999999562e+00 5.610487968939847914e-01
4.332047991999999681e+00 5.609561842424553024e-01
4.333399223999999883e+00 5.608302236018190001e-01
4.334750455000000002e+00 5.607027106243984704e-01
4.336101687000000204e+00 5.606073534668333247e-01
4.337452918000000324e+00 5.604797792278743973e-01
4.338804149999999638e+00 5.603508286024816432e-01
4.340155380999999757e+00 5.602500715486935512e-01
4.341506611999999876e+00 5.601173682678015631e-01
4.342857844000000078e+00 5.599808292428658518e-01
4.344209075000000198e+00 5.598698393811141205e-01
4.345560307000000400e+00 5.597245836526523188e-01
4.346911538000000519e+00 5.595771756713305844e-01
4.348262769999999833e+00 5.594536304462223164e-01
4.349614000999999952e+00 5.592855431478596095e-01
4.350965233000000154e+00 5.591134978344310946e-01
4.352316464000000273e+00 5.589536583633112343e-01
4.353667695000000393e+00 5.587754264494471101e-01
4.355018926999999707e+00 5.586058634824879743e-01
4.356370157999999826e+00 5.584184758305156260e-01
4.357721390000000028e+00 5.582272210941198187e-01
4.359072621000000147e+00 5.580400998627613740e-01
4.360423853000000349e+00 5.578352088969589229e-01
4.361775083999999580e+00 5.576233560630834418e-01
4.363126315000000588e+00 5.574135198348423303e-01
4.364477547000000790e+00 5.571875442544824697e-01
4.365828778000000021e+00 5.569544804036770103e-01
4.367180010000000223e+00 5.567214991635029975e-01
4.368531241000000342e+00 5.564759786225779159e-01
4.369882472999999656e+00 5.562247795181212151e-01
4.371233703999999776e+00 5.559713002923210023e-01
4.372584935999999978e+00 5.557095347347078551e-01
4.373936167000000097e+00 5.554424878316752689e-01
4.375287398000000216e+00 5.551719982650071827e-01
4.376638630000000418e+00 5.548942657655093758e-01
4.377989860999999649e+00 5.546135851980396048e-01
4.379341092999999852e+00 5.543269075701295900e-01
4.380692323999999971e+00 5.540374699386396706e-01
4.382043555999999285e+00 5.537393261424468083e-01
4.383394787000000292e+00 5.534412662544307970e-01
4.384746018000000412e+00 5.531398737819150924e-01
4.386097249999999725e+00 5.528313662173216514e-01
4.387448481000000733e+00 5.525255768518697597e-01
4.388799713000000047e+00 5.522196711572568972e-01
4.390150944000000166e+00 5.519048626312806904e-01
4.391502176000000368e+00 5.515985220996013627e-01
4.392853406999999599e+00 5.512931411727786113e-01
4.394204638999999801e+00 5.509799276595174211e-01
4.395555869999999921e+00 5.506789228254067581e-01
4.396907101000000040e+00 5.503800002996448448e-01
4.398258332999999354e+00 5.501454375151647591e-01
4.399609564000000361e+00 5.498878230914172605e-01
4.400960796000000563e+00 5.496334038661037091e-01
4.402312026999999794e+00 5.494044735698802029e-01
4.403663258999999996e+00 5.491562990737741679e-01
4.405014489999999228e+00 5.489328820847556578e-01
4.406365721999999430e+00 5.486928328902591634e-01
4.407716953000000437e+00 5.484573209126863969e-01
4.409068183999999668e+00 5.482494694640003274e-01
4.410419415999999870e+00 5.480267036693159399e-01
4.411770646999999990e+00 5.478119623771595670e-01
4.413121879000000192e+00 5.476223095964551923e-01
4.414473110000000311e+00 5.474207245314712811e-01
4.415824341999999625e+00 5.472245768147048217e-01
4.417175573000000632e+00 5.470529616769231884e-01
4.418526803999999863e+00 5.468678052622678587e-01
4.419878036000000066e+00 5.466869886016674229e-01
4.421229266999999297e+00 5.465284678914259509e-01
4.422580499000000387e+00 5.463563780518979618e-01
4.423931730000000506e+00 5.461895631154822794e-01
4.425282961999999820e+00 5.460436882377778245e-01
4.426634192999999939e+00 5.458866070528276548e-01
4.427985425000000141e+00 5.457324361684489089e-01
4.429336656000000261e+00 5.456011414722115038e-01
4.430687887000000380e+00 5.454557424542925137e-01
4.432039118999999694e+00 5.453329760520084779e-01
4.433390349999999813e+00 5.451953772103579343e-01
4.434741582000000015e+00 5.450626859580223194e-01
4.436092813000000135e+00 5.449513303218489479e-01
4.437444045000000337e+00 5.448249203483063186e-01
4.438795275999999568e+00 5.447010525674764736e-01
4.440146507000000575e+00 5.445993025662406728e-01
4.441497739000000777e+00 5.444814715592041221e-01
4.442848970000000008e+00 5.443647030408826915e-01
4.444200202000000210e+00 5.442711984254878788e-01
4.445551432999999442e+00 5.441391751071453786e-01
4.446902664999999644e+00 5.440092863912753263e-01
4.448253895999999763e+00 5.438824009993202813e-01
4.449605127999999965e+00 5.437528754998570690e-01
4.450956359000000084e+00 5.436226412537621400e-01
4.452307590000000204e+00 5.435000606977924420e-01
4.453658822000000406e+00 5.433693621673093554e-01
4.455010052999999637e+00 5.432461398815400244e-01
4.456361284999999839e+00 5.431141362722653465e-01
4.457712515999999958e+00 5.429815513059992327e-01
4.459063747999999272e+00 5.428588669263925137e-01
4.460414979000000280e+00 5.427235342585495781e-01
4.461766211000000482e+00 5.425886132033834741e-01
4.463117441999999713e+00 5.424660945681500923e-01
4.464468673000000720e+00 5.423303172713724862e-01
4.465819905000000034e+00 5.421906638247249166e-01
4.467171136000000153e+00 5.420670275693489915e-01
4.468522368000000355e+00 5.419240656845480952e-01
4.469873598999999587e+00 5.417796033631649966e-01
4.471224831000000677e+00 5.416509260418160832e-01
4.472576061999999908e+00 5.415007629367345476e-01
4.473927293000000027e+00 5.413480450134779964e-01
4.475278524999999341e+00 5.412153637071152046e-01
4.476629756000000349e+00 5.410566042220480432e-01
4.477980988000000551e+00 5.408932091851639257e-01
4.479332218999999782e+00 5.407549073559523301e-01
4.480683450999999984e+00 5.405857175375485824e-01
4.482034682000000103e+00 5.404426511495143970e-01
4.483385914000000305e+00 5.402651033996455077e-01
4.484737145000000424e+00 5.400853088461552431e-01
4.486088375999999656e+00 5.399329851589071971e-01
4.487439607999999858e+00 5.397450049347007894e-01
4.488790838999999977e+00 5.395534396304466629e-01
4.490142071000000179e+00 5.393952984875838297e-01
4.491493302000000298e+00 5.391989206526663914e-01
4.492844533999999612e+00 5.389968264791029640e-01
4.494195765000000620e+00 5.388308942610817720e-01
4.495546995999999851e+00 5.386122243615526495e-01
4.496898228000000053e+00 5.383913459829490211e-01
4.498249458999999284e+00 5.381980745427206170e-01
4.499600691000000374e+00 5.379670114467374198e-01
4.500951922000000494e+00 5.377311215789349896e-01
4.502303153999999807e+00 5.375295637261559012e-01
4.503654384999999927e+00 5.372848759807145047e-01
4.505005617000000129e+00 5.370729321379740240e-01
4.506356848000000248e+00 5.368182040538063138e-01
4.507708079000000367e+00 5.365578384752529573e-01
4.509059310999999681e+00 5.363355902090163330e-01
4.510410541999999801e+00 5.360634071079964924e-01
4.511761774000000003e+00 5.357875982934999781e-01
4.513113005000000122e+00 5.355511602660765202e-01
4.514464237000000324e+00 5.352673178622204819e-01
4.515815468000000443e+00 5.349774734784988883e-01
4.517166699000000563e+00 5.347298489271855582e-01
4.518517930999999876e+00 5.344329600226189747e-01
4.519869161999999996e+00 5.341308700650222452e-01
4.521220394000000198e+00 5.338725433987876468e-01
4.522571624999999429e+00 5.335588419140597782e-01
4.523922856999999631e+00 5.332430490248516453e-01
4.525274087999999750e+00 5.329710531358051728e-01
4.526625319999999952e+00 5.326445456321213801e-01
4.527976551000000072e+00 5.323117964247527922e-01
4.529327782000000191e+00 5.320272976317241831e-01
4.530679014000000393e+00 5.316895732346790249e-01
4.532030244999999624e+00 5.313992373934155466e-01
4.533381476999999826e+00 5.310552551650160602e-01
4.534732707999999946e+00 5.307082245653165220e-01
4.536083940000000148e+00 5.304149181866957274e-01
4.537435171000000267e+00 5.300659723889447061e-01
4.538786403000000469e+00 5.297150538087873617e-01
4.540137633999999700e+00 5.294133293743004121e-01
4.541488864999999819e+00 5.290597830379035749e-01
4.542840097000000021e+00 5.287045995160616352e-01
4.544191328000000141e+00 5.283959978375757371e-01
4.545542560000000343e+00 5.280339613324982473e-01
4.546893791000000462e+00 5.276678694824461502e-01
4.548245023000000664e+00 5.273513905888959075e-01
4.549596253999999895e+00 5.269839895735695112e-01
4.550947485000000015e+00 5.266172833955991006e-01
4.552298716999999328e+00 5.262976976423204833e-01
4.553649948000000336e+00 5.259327410714766948e-01
4.555001180000000538e+00 5.256137150689819126e-01
4.556352410999999769e+00 5.252486796995561313e-01
4.557703642999999971e+00 5.248874158323224570e-01
4.559054874000000090e+00 5.245702284334685661e-01
4.560406106000000293e+00 5.242113717707885812e-01
4.561757337000000412e+00 5.238503338187600056e-01
4.563108567999999643e+00 5.235323895644679038e-01
4.564459799999999845e+00 5.231763548390181429e-01
4.565811030999999964e+00 5.228218853428439061e-01
4.567162263000000166e+00 5.225057672007825671e-01
4.568513493999999397e+00 5.221514721114255408e-01
4.569864725999999600e+00 5.218025025632992975e-01
4.571215957000000607e+00 5.214880751559742844e-01
4.572567187999999838e+00 5.211407732823946093e-01
4.573918420000000040e+00 5.207917419868133280e-01
4.575269650999999271e+00 5.204755903994899846e-01
4.576620883000000362e+00 5.201315904217983510e-01
4.577972114000000481e+00 5.197871183467148715e-01
4.579323345999999795e+00 5.194690706205531416e-01
4.580674576999999914e+00 5.191231975005002885e-01
4.582025809000000116e+00 5.188035766852243658e-01
4.583377040000000235e+00 5.184589167967297296e-01
4.584728271000000355e+00 5.181136098806413681e-01
4.586079502999999669e+00 5.177840585703264997e-01
4.587430733999999788e+00 5.174351393739085037e-01
4.588781965999999990e+00 5.170855987030883449e-01
4.590133197000000109e+00 5.167432951724983958e-01
4.591484429000000311e+00 5.163864647622489201e-01
4.592835660000000431e+00 5.160278913656770605e-01
4.594186891000000550e+00 5.156784699088936552e-01
4.595538122999999864e+00 5.153160142583139702e-01
4.596889353999999983e+00 5.149496065552354729e-01
4.598240586000000185e+00 5.145842685404680150e-01
4.599591817000000304e+00 5.142142010401050678e-01
4.600943049000000507e+00 5.138435583436939957e-01
4.602294279999999738e+00 5.134627140660269484e-01
4.603645511999999940e+00 5.130810503503127062e-01
4.604996743000000059e+00 5.126953220260108690e-01
4.606347974000000178e+00 5.122971705998122793e-01
4.607699206000000380e+00 5.118991657760794123e-01
4.609050436999999611e+00 5.114798275310469267e-01
4.610401668999999814e+00 5.110686282370132671e-01
4.611752900000000821e+00 5.106510182608418047e-01
4.613104132000000135e+00 5.102085332440745580e-01
4.614455363000000254e+00 5.097736821818450448e-01
4.615806595000000456e+00 5.093338820930354283e-01
4.617157825999999687e+00 5.088669730892081411e-01
4.618509056999999807e+00 5.084184733343173335e-01
4.619860289000000009e+00 5.079642585555981249e-01
4.621211520000000128e+00 5.074724126930322265e-01
4.622562751999999442e+00 5.070059566129825335e-01
4.623913982999999561e+00 5.065333336388946339e-01
4.625265215000000651e+00 5.060188960857491258e-01
4.626616445999999883e+00 5.055308494109235218e-01
4.627967677000000002e+00 5.050369134530845461e-01
4.629318908999999316e+00 5.044997258075973878e-01
4.630670140000000323e+00 5.039932542172702590e-01
4.632021372000000525e+00 5.034360572809356560e-01
4.633372602999999756e+00 5.029148736807695919e-01
4.634723834999999958e+00 5.023910401260780478e-01
4.636075066000000078e+00 5.018147312491019196e-01
4.637426298000000280e+00 5.012781276324449475e-01
4.638777529000000399e+00 5.007373738869265178e-01
4.640128759999999630e+00 5.001395987890765449e-01
4.641479991999999832e+00 4.995937845859715343e-01
4.642831222999999952e+00 4.990430558855671328e-01
4.644182455000000154e+00 4.984309142238020351e-01
4.645533685999999385e+00 4.978732343410542383e-01
4.646884917999999587e+00 4.973150587730691963e-01
4.648236149000000594e+00 4.966967293150339469e-01
4.649587379999999825e+00 4.961330439252514268e-01
4.650938612000000028e+00 4.955677589822183315e-01
4.652289842999999259e+00 4.949359110243483073e-01
4.653641075000000349e+00 4.943680380899646010e-01
4.654992306000000468e+00 4.937995517850054528e-01
4.656343537999999782e+00 4.931591601590548102e-01
4.657694768999999901e+00 4.925905935077451447e-01
4.659046001000000103e+00 4.919540007870543130e-01
4.660397232000000223e+00 4.913912493345581334e-01
4.661748463000000342e+00 4.908300491698537882e-01
4.663099694999999656e+00 4.901991065027457295e-01
4.664450926000000663e+00 4.896485253295314033e-01
4.665802157999999977e+00 4.891032178398990737e-01
4.667153389000000097e+00 4.884887341640934411e-01
4.668504621000000299e+00 4.879508583180158787e-01
4.669855852000000418e+00 4.874206440565673759e-01
4.671207083000000537e+00 4.868242730121851158e-01
4.672558314999999851e+00 4.863092333624577934e-01
4.673909545999999970e+00 4.858001110090312546e-01
4.675260778000000172e+00 4.852194443080722341e-01
4.676612009000000292e+00 4.847244956662709603e-01
4.677963241000000494e+00 4.842372704817853313e-01
4.679314471999999725e+00 4.836784240479784502e-01
4.680665703999999927e+00 4.832023309315947590e-01
4.682016935000000046e+00 4.826577857500122803e-01
4.683368166000000166e+00 4.822009618423436783e-01
4.684719398000000368e+00 4.817519429809140608e-01
4.686070628999999599e+00 4.812354359199427778e-01
4.687421860999999801e+00 4.808038135866625207e-01
4.688773091999999920e+00 4.803840796423218817e-01
4.690124324000000122e+00 4.799037301125075317e-01
4.691475555000000242e+00 4.795042659485463932e-01
4.692826787000000444e+00 4.791132428022888412e-01
4.694178017999999675e+00 4.786594609878246365e-01
4.695529248999999794e+00 4.782897282303251174e-01
4.696880480999999996e+00 4.779297493820726661e-01
4.698231712000000115e+00 4.775044398199688733e-01
4.699582943999999429e+00 4.771581945594282614e-01
4.700934175000000437e+00 4.768207167673955693e-01
4.702285407000000639e+00 4.764255811180487798e-01
4.703636637999999870e+00 4.761043158041432521e-01
4.704987868999999989e+00 4.757867849104809865e-01
4.706339100999999303e+00 4.754142471082648536e-01
4.707690332000000311e+00 4.751152782047680656e-01
4.709041564000000513e+00 4.747626902894638290e-01
4.710392794999999744e+00 4.744764370491132421e-01
4.711744026999999946e+00 4.741946995386088215e-01
4.713095258000000065e+00 4.738632616221335470e-01
4.714446490000000267e+00 4.735971122712594461e-01
4.715797721000000386e+00 4.733359540571380197e-01
4.717148951999999618e+00 4.730207088764569190e-01
4.718500184000000708e+00 4.727633480617584594e-01
4.719851414999999939e+00 4.725107928242671118e-01
4.721202647000000141e+00 4.722090926493035523e-01
4.722553877999999372e+00 4.719584325111652601e-01
4.723905109999999574e+00 4.717060818667972999e-01
4.725256341000000582e+00 4.714101094939973091e-01
4.726607571999999813e+00 4.711628326686410628e-01
4.727958804000000015e+00 4.709131451661353052e-01
4.729310035000000134e+00 4.706204010680959948e-01
4.730661267000000336e+00 4.703671897668231239e-01
4.732012498000000456e+00 4.700787982397191533e-01
4.733363729999999769e+00 4.698280265548729906e-01
4.734714960999999889e+00 4.695721954794142006e-01
4.736066193000000091e+00 4.692801629516611950e-01
4.737417424000000210e+00 4.690178388896348860e-01
4.738768654999999441e+00 4.687549232575715097e-01
4.740119886999999643e+00 4.684604910175131920e-01
4.741471118000000651e+00 4.681860904321524242e-01
4.742822349999999965e+00 4.679057272448123861e-01
4.744173581000000084e+00 4.675990023774383442e-01
4.745524813000000286e+00 4.673112884032453729e-01
4.746876044000000405e+00 4.670147061034505831e-01
4.748227275999999719e+00 4.666922690883276714e-01
4.749578506999999838e+00 4.663808343775224241e-01
4.750929737999999958e+00 4.660640951266593612e-01
4.752280970000000160e+00 4.657320498087242910e-01
4.753632201000000279e+00 4.654023896644950975e-01
4.754983433000000481e+00 4.650646932007939105e-01
4.756334663999999712e+00 4.647177093583941820e-01
4.757685895999999914e+00 4.643732075561823880e-01
4.759037127000000034e+00 4.640225730166355200e-01
4.760388358000000153e+00 4.636649447419121106e-01
4.761739590000000355e+00 4.633008640140839351e-01
4.763090820999999586e+00 4.629211159986618696e-01
4.764442052999999788e+00 4.625337300049727762e-01
4.765793283999999908e+00 4.621398085414221146e-01
4.767144516000000110e+00 4.617293857683475444e-01
4.768495747000000229e+00 4.613223392211320828e-01
4.769846979000000431e+00 4.609128230607398291e-01
4.771198209999999662e+00 4.604965652242153373e-01
4.772549440999999781e+00 4.600778529284356710e-01
4.773900672999999983e+00 4.596525069815232678e-01
4.775251904000000103e+00 4.592284461792538464e-01
4.776603135999999417e+00 4.588027866273076127e-01
4.777954367000000424e+00 4.583735524496226343e-01
4.779305599000000626e+00 4.579479627576270029e-01
4.780656829999999857e+00 4.575130083065530595e-01
4.782008061000000865e+00 4.570911088814884060e-01
4.783359293000000179e+00 4.566616869054783701e-01
4.784710524000000298e+00 4.562304006367015052e-01
4.786061756000000500e+00 4.558125249376204779e-01
4.787412986999999731e+00 4.553807683201432366e-01
4.788764218999999933e+00 4.549534135973064553e-01
4.790115450000000052e+00 4.545472488186552140e-01
4.791466682000000255e+00 4.541219532626796784e-01
4.792817913000000374e+00 4.536966160783101887e-01
4.794169144000000493e+00 4.532955371936516764e-01
4.795520376000000695e+00 4.528781065363898239e-01
4.796871606999999926e+00 4.524632696288189981e-01
4.798222839000000128e+00 4.520733518631494530e-01
4.799574069999999359e+00 4.516607259359821658e-01
4.800925301999999562e+00 4.512523052317434225e-01
4.802276533000000569e+00 4.508778069961719703e-01
4.803627763999999800e+00 4.504778877374215895e-01
4.804978996000000002e+00 4.500778694149267789e-01
4.806330227000000122e+00 4.497127368792054325e-01
4.807681459000000324e+00 4.493231042582044310e-01
4.809032690000000443e+00 4.489720887847920561e-01
4.810383921999999757e+00 4.485914806218418427e-01
4.811735152999999876e+00 4.482115659254371498e-01
4.813086384999999190e+00 4.478710196731188198e-01
4.814437616000000197e+00 4.475019311984916870e-01
4.815788846999999429e+00 4.471364258973997141e-01
4.817140078999999631e+00 4.468068670596169745e-01
4.818491310000000638e+00 4.464397386324685524e-01
4.819842541999999952e+00 4.460746939993343041e-01
4.821193773000000071e+00 4.457495048762248890e-01
4.822545005000000273e+00 4.453862161975798983e-01
4.823896236000000393e+00 4.450195735503038041e-01
4.825247467999999706e+00 4.446878862490629691e-01
4.826598698999999826e+00 4.443189561444551572e-01
4.827949929999999945e+00 4.439507023927686258e-01
4.829301162000000147e+00 4.436175201085329478e-01
4.830652393000000266e+00 4.432401409343459386e-01
4.832003625000000469e+00 4.428970146960855558e-01
4.833354855999999700e+00 4.425145304697635229e-01
4.834706087999999902e+00 4.421305452737629427e-01
4.836057318999999133e+00 4.417784241037471804e-01
4.837408550000000140e+00 4.413784441325034891e-01
4.838759782000000342e+00 4.409699516778710082e-01
4.840111012999999573e+00 4.405943743799479728e-01
4.841462244999999776e+00 4.401727640944367859e-01
4.842813475999999895e+00 4.397379586309699273e-01
4.844164708000000097e+00 4.393272436019277638e-01
4.845515939000000216e+00 4.388662743602348426e-01
4.846867171000000418e+00 4.383958044068284599e-01
4.848218402000000538e+00 4.379512186833348086e-01
4.849569632999999769e+00 4.374533289323896401e-01
4.850920864999999971e+00 4.369409393833831867e-01
4.852272096000000090e+00 4.364510620822089626e-01
4.853623327999999404e+00 4.359153805277629079e-01
4.854974559000000411e+00 4.353677821298870820e-01
4.856325791000000613e+00 4.348361173190858908e-01
4.857677021999999845e+00 4.342553737433834105e-01
4.859028252999999964e+00 4.336933362143140513e-01
4.860379485000000166e+00 4.330877310849186590e-01
4.861730716000000285e+00 4.324689085946382128e-01
4.863081947999999599e+00 4.318620665299863770e-01
4.864433178999999718e+00 4.312094535716476384e-01
4.865784410999999920e+00 4.305431464070890168e-01
4.867135642000000040e+00 4.298922446604615533e-01
4.868486874000000242e+00 4.291984696618795780e-01
4.869838105000000361e+00 4.284871972730690537e-01
4.871189336000000480e+00 4.277866502816964345e-01
4.872540568000000683e+00 4.270492965963751386e-01
4.873891798999999914e+00 4.263022559611657769e-01
4.875243031000000116e+00 4.255652698175764748e-01
4.876594261999999347e+00 4.247923425954811538e-01
4.877945494000000437e+00 4.240096937606707694e-01
4.879296725000000556e+00 4.231086875623327193e-01
4.880647955999999787e+00 4.221825841295391291e-01
4.881999187999999990e+00 4.212487739683684063e-01
4.883350419000000109e+00 4.201925357457302335e-01
4.884701651000000311e+00 4.192451557665355377e-01
4.886052882000000430e+00 4.181808070577116010e-01
4.887404113999999744e+00 4.172306822037948892e-01
4.888755344999999863e+00 4.162765451478796508e-01
4.890106576999999177e+00 4.152002350759291249e-01
4.891457808000000185e+00 4.142405826933310831e-01
4.892809038999999416e+00 4.132837299530954800e-01
4.894160270999999618e+00 4.122081399154399195e-01
4.895511502000000625e+00 4.112516810186790384e-01
4.896862733999999939e+00 4.102943832830068249e-01
4.898213965000000059e+00 4.092167922103256972e-01
4.899565197000000261e+00 4.082672207251969443e-01
4.900916428000000380e+00 4.073224839392939334e-01
4.902267660000000582e+00 4.062555778982017141e-01
4.903618890999999813e+00 4.053154966552748872e-01
4.904970121999999932e+00 4.043814748616355592e-01
4.906321354000000134e+00 4.033283534944180904e-01
4.907672585000000254e+00 4.024076913774948805e-01
4.909023817000000456e+00 4.013601916182203411e-01
4.910375047999999687e+00 4.004419873163592158e-01
4.911726279999999889e+00 3.995276823783802111e-01
4.913077511000000008e+00 3.984868052723392617e-01
4.914428742000000128e+00 3.975776202181836583e-01
4.915779974000000330e+00 3.966641532568171424e-01
4.917131204999999561e+00 3.956127508084831268e-01
4.918482436999999763e+00 3.946889702467781813e-01
4.919833667999999882e+00 3.937609669699476678e-01
4.921184900000000084e+00 3.926889265017345920e-01
4.922536131000000204e+00 3.917360344433974406e-01
4.923887363000000406e+00 3.907663024614039804e-01
4.925238594000000525e+00 3.896425204335954295e-01
4.926589824999999756e+00 3.886387174875569617e-01
4.927941056999999958e+00 3.876093926637843579e-01
4.929292288000000077e+00 3.864139411500723820e-01
4.930643519999999391e+00 3.853229597170082510e-01
4.931994751000000399e+00 3.841991139920419851e-01
4.933345983000000601e+00 3.829021645201847734e-01
4.934697213999999832e+00 3.816995383295374022e-01
4.936048444999999951e+00 3.803106259961424040e-01
4.937399677000000153e+00 3.790028532387625937e-01
4.938750908000000273e+00 3.776420277608585341e-01
4.940102139999999586e+00 3.760794690284849362e-01
4.941453370999999706e+00 3.745903463754814977e-01
4.942804602999999908e+00 3.730297830472077969e-01
4.944155834000000027e+00 3.712445643235371406e-01
4.945507066000000229e+00 3.695268837004866969e-01
4.946858297000000348e+00 3.677202075304752960e-01
4.948209528000000468e+00 3.656891298581180783e-01
4.949560760000000670e+00 3.637037628043651161e-01
4.950911990999999901e+00 3.616205493979653407e-01
4.952263223000000103e+00 3.593044101574998095e-01
4.953614453999999334e+00 3.570239495852851608e-01
4.954965686000000424e+00 3.546501086713516049e-01
4.956316917000000544e+00 3.520207310162260517e-01
4.957668147999999775e+00 3.494284971878065527e-01
4.959019379999999977e+00 3.465886173888227950e-01
4.960370611000000096e+00 3.437812215988390596e-01
4.961721843000000298e+00 3.408712617053027971e-01
4.963073074000000418e+00 3.377077316254202266e-01
4.964424305999999731e+00 3.345825541814453352e-01
4.965775537000000739e+00 3.313402743820136331e-01
4.967126769000000053e+00 3.278714271472065178e-01
4.968478000000000172e+00 3.244317000372910487e-01
4.969829230999999403e+00 3.208915793827459839e-01
4.971180462999999605e+00 3.171267440502820723e-01
4.972531694000000613e+00 3.133931532730643288e-01
4.973882925999999927e+00 3.095837812244651710e-01
4.975234157000000046e+00 3.055511261576595583e-01
4.976585389000000248e+00 3.015736342646407886e-01
4.977936620000000367e+00 2.975123606123383779e-01
4.979287852000000569e+00 2.932607056023217584e-01
4.980639082999999800e+00 2.890694304121962377e-01
4.981990313999999920e+00 2.848138185356697827e-01
4.983341545999999234e+00 2.803920012617914237e-01
4.984692777000000241e+00 2.760256389518934705e-01
4.986044009000000443e+00 2.715116868682269091e-01
4.987395239999999674e+00 2.670687546961880154e-01
4.988746471999999876e+00 2.625987423783103791e-01
4.990097702999999996e+00 2.579903553045130860e-01
4.991448934000000115e+00 2.534670833621988084e-01
4.992800166000000317e+00 2.489310554610210668e-01
4.994151397000000436e+00 2.442748249419743334e-01
4.995502628999999750e+00 2.397281156343931685e-01
4.996853859999999870e+00 2.351711491825305145e-01
4.998205092000000072e+00 2.305237306152119747e-01
4.999556323000000191e+00 2.259798112023791161e-01
5.000907555000000393e+00 2.214502357895883344e-01
5.002258786000000512e+00 2.169009972721368529e-01
5.003610016999999743e+00 2.124341575236161905e-01
5.004961248999999945e+00 2.079930207239124584e-01
5.006312479999999177e+00 2.035088829138633204e-01
5.007663711999999379e+00 1.991093553996976517e-01
5.009014943000000386e+00 1.946958207934690877e-01
5.010366174999999700e+00 1.903818160136180881e-01
5.011717405999999819e+00 1.861036945140712162e-01
5.013068636999999939e+00 1.817952436738637378e-01
5.014419869000000141e+00 1.776031100594614998e-01
5.015771100000000260e+00 1.734535937339863332e-01
5.017122331999999574e+00 1.692966828553913450e-01
5.018473562999999693e+00 1.652392350103782104e-01
5.019824795000000783e+00 1.612348494578209335e-01
5.021176026000000014e+00 1.572275023413616246e-01
5.022527258000000216e+00 1.533270003457785635e-01
5.023878489000000336e+00 1.494780098980167948e-01
5.025229720000000455e+00 1.456331278770379711e-01
5.026580952000000657e+00 1.418898728945300614e-01
5.027932182999999888e+00 1.381964387856396970e-01
5.029283415000000090e+00 1.345154090384554357e-01
5.030634646000000210e+00 1.309277140072179768e-01
5.031985878000000412e+00 1.273944377718665977e-01
5.033337108999999643e+00 1.238660624366659940e-01
5.034688340999999845e+00 1.204313130170332341e-01
5.036039571999999964e+00 1.170065247670177139e-01
5.037390803000000084e+00 1.136716715413269158e-01
5.038742035000000286e+00 1.103864698765625735e-01
5.040093266000000405e+00 1.071109434344310746e-01
5.041444497999999719e+00 1.039235871600246441e-01
5.042795729000000726e+00 1.007805091279452836e-01
5.044146961000000040e+00 9.765788501513876507e-02
5.045498192000000159e+00 9.461304121134433975e-02
5.046849422999999391e+00 9.161824857263141386e-02
5.048200654999999593e+00 8.863806697790448108e-02
5.049551886000000600e+00 8.573753146537416159e-02
5.050903117999999914e+00 8.288486211210654986e-02
5.052254349000000033e+00 8.005040209499805770e-02
5.053605581000000235e+00 7.729372328829894889e-02
5.054956812000000355e+00 7.458029930056554735e-02
5.056308044000000557e+00 7.189358064013359750e-02
5.057659274999999788e+00 6.927728108788039352e-02
5.059010505999999907e+00 6.668978739163887448e-02
5.060361737999999221e+00 6.417180623188430133e-02
5.061712969000000228e+00 6.170445935282064392e-02
5.063064201000000430e+00 5.926425495277257843e-02
5.064415431999999662e+00 5.691052449038378619e-02
5.065766663999999864e+00 5.460826246499408954e-02
5.067117894999999983e+00 5.234854344124509340e-02
5.068469126000000102e+00 5.015070479673200410e-02
5.069820358000000304e+00 4.800309362540476632e-02
5.071171589000000424e+00 4.590747729435668695e-02
5.072522820999999738e+00 4.387187957166842345e-02
5.073874051999999857e+00 4.189568218805290317e-02
5.075225284000000059e+00 3.996866623713225819e-02
5.076576515000000178e+00 3.810670120812709866e-02
5.077927747000000380e+00 3.630254966319884646e-02
5.079278978000000500e+00 3.455172764885811043e-02
5.080630208999999731e+00 3.286587956720386783e-02
5.081981440999999933e+00 3.123769980427374901e-02
5.083332671999999164e+00 2.966433881358633562e-02
5.084683904000000254e+00 2.815279883812792788e-02
5.086035135000000373e+00 2.669661320974488564e-02
5.087386366999999687e+00 2.530177312909157386e-02
5.088737597999999807e+00 2.396530358012054218e-02
5.090088828999999926e+00 2.268015383174575711e-02
5.091440061000000128e+00 2.145563405029075887e-02
5.092791292000000247e+00 2.028564862703095134e-02
5.094142523999999561e+00 1.916590247078050688e-02
5.095493755000000569e+00 1.810266372693223463e-02
5.096844987000000771e+00 1.709024949626762602e-02
5.098196218000000002e+00 1.612442462412769575e-02
5.099547450000000204e+00 1.520982465346389437e-02
5.100898680999999435e+00 1.434258246794680065e-02
5.102249912000000442e+00 1.351748593361125177e-02
5.103601144000000644e+00 1.273957084748286901e-02
5.104952374999999876e+00 1.200341816766930560e-02
5.106303607000000078e+00 1.130516245665764107e-02
5.107654838000000197e+00 1.064802694142343541e-02
5.109006070000000399e+00 1.002545022524174191e-02
5.110357300999999630e+00 9.440466177676970147e-03
5.111708532999999832e+00 8.888812787583296599e-03
5.113059763999999952e+00 8.366637628097006382e-03
5.114410995000000071e+00 7.876548108855649030e-03
5.115762227000000273e+00 7.414971454588286520e-03
5.117113458000000392e+00 6.978459843803842995e-03
5.118464689999999706e+00 6.569566323028058936e-03
5.119815921000000714e+00 6.184892297562342815e-03
5.121167153000000027e+00 5.821447101510241612e-03
5.122518384000000147e+00 5.481460197335796640e-03
5.123869614999999378e+00 5.161957378368296767e-03
5.125220846999999580e+00 4.860444833070081891e-03
5.126572078000000587e+00 4.578686863468138350e-03
5.127923309999999901e+00 4.314120487425006020e-03
5.129274541000000021e+00 4.064420468503710665e-03
5.130625772999999334e+00 3.831278725791470354e-03
5.131977004000000342e+00 3.612419891958346119e-03
5.133328236000000544e+00 3.405720955079103145e-03
5.134679466999999775e+00 3.212638694382718291e-03
5.136030697999999894e+00 3.030101822091166731e-03
5.137381929999999208e+00 2.859596204974607439e-03
5.138733161000000216e+00 2.699418898748252339e-03
5.140084393000000418e+00 2.548076185871615655e-03
5.141435623999999649e+00 2.406761004441821793e-03
5.142786855999999851e+00 2.274043896375014910e-03
5.144138086999999970e+00 2.148533440465261266e-03
5.145489318000000090e+00 2.031496216930719738e-03
5.146840550000000292e+00 1.921557320954473888e-03
5.148191781000000411e+00 1.817472961944441301e-03
5.149543013000000613e+00 1.720189383021046309e-03
5.150894243999999844e+00 1.628625353361595274e-03
5.152245476000000046e+00 1.541784250193855036e-03
5.153596706999999277e+00 1.460715504775681557e-03
5.154947939000000368e+00 1.384406154133401489e-03
5.156299170000000487e+00 1.311864870653613267e-03
5.157650400999999718e+00 1.243961544832915137e-03
5.159001632999999920e+00 1.179398589285169611e-03
5.160352864000000039e+00 1.119075486990424523e-03
5.161704096000000241e+00 1.062246231498092377e-03
5.163055327000000361e+00 1.008265798727912312e-03
5.164406558999999675e+00 9.577484337757691214e-04
5.165757789999999794e+00 9.101144638331325545e-04
5.167109020999999913e+00 8.648377136533898831e-04
5.168460253000000115e+00 8.225743080630428103e-04
5.169811484000000235e+00 7.827131127612947529e-04
5.171162716000000437e+00 7.446047295961219633e-04
5.172513947000000556e+00 7.087666948793547913e-04
5.173865179000000758e+00 6.747494384660573941e-04
5.175216409999999989e+00 6.421079505105808851e-04
5.176567642000000191e+00 6.113519926411012557e-04
5.177918872999999422e+00 5.820214498744100259e-04
5.179270104000000430e+00 5.537184318910558234e-04
5.180621335999999744e+00 5.269992112733384512e-04
5.181972566999999863e+00 5.017536312805040725e-04
5.183323799000000065e+00 4.776799500003505263e-04
5.184675030000000184e+00 4.552004005554501423e-04
5.186026262000000386e+00 4.337164782099053287e-04
5.187377492999999617e+00 4.136307816433135599e-04
5.188728724999999820e+00 3.946884540639678755e-04
5.190079955999999939e+00 3.767691775523377925e-04
5.191431187000000058e+00 3.602093335089006244e-04
5.192782419000000260e+00 3.445549695799618450e-04
5.194133650000000380e+00 3.295318493531236266e-04
5.195484881999999693e+00 3.154211140224979061e-04
5.196836112999999813e+00 0.000000000000000000e+00
5.198187343999999932e+00 0.000000000000000000e+00
