# WAVELENGTH THROUGHPUT
2.298648794999999190e+00 0.000000000000000000e+00
2.299849760999999493e+00 0.000000000000000000e+00
2.301050726999999796e+00 1.486792357153069244e-06
2.302251693000000099e+00 1.681286462971286877e-06
2.303452658999999958e+00 1.890264778352473552e-06
2.304653624999999817e+00 2.123297607875561403e-06
2.305854591000000120e+00 2.390650503603347876e-06
2.307055556999999979e+00 2.902685136207437143e-06
2.308256522999999838e+00 3.239414517296909925e-06
2.309457488000000058e+00 3.670247805417643264e-06
2.310658453999999917e+00 4.148225225326982529e-06
2.311859420000000220e+00 4.691103922834021997e-06
2.313060386000000079e+00 5.835913057666435077e-06
2.314261351999999938e+00 6.626691112417739245e-06
2.315462317999999797e+00 7.587087348861014087e-06
2.316663284000000100e+00 8.744568137879752166e-06
2.317864249999999959e+00 1.002985933122864073e-05
2.319065215999999818e+00 1.271080659879622191e-05
2.320266182000000121e+00 1.446946211088319797e-05
2.321467147999999980e+00 1.661293775040493230e-05
2.322668113999999839e+00 1.906648126248183502e-05
2.323869080000000142e+00 2.177606590949637960e-05
2.325070046000000001e+00 2.709858431678006431e-05
2.326271012000000304e+00 3.035164778382881356e-05
2.327471977000000081e+00 3.429356863237009782e-05
2.328672942999999940e+00 3.881710468172250988e-05
2.329873908999999799e+00 4.386256700210981562e-05
2.331074875000000102e+00 5.245478013320731161e-05
2.332275840999999961e+00 5.870156254449823344e-05
2.333476806999999820e+00 6.615808273997729006e-05
2.334677773000000123e+00 7.483604853044460953e-05
2.335878739000000426e+00 8.483885573942101836e-05
2.337079705000000285e+00 1.002469844486471420e-04
2.338280671000000144e+00 1.140232438824407478e-04
2.339481637000000003e+00 1.296750309276200783e-04
2.340682603000000306e+00 1.479178567072576389e-04
2.341883569000000165e+00 1.685515893841500930e-04
2.343084535000000024e+00 1.946375192138208364e-04
2.344285500999999883e+00 2.216820816490917400e-04
2.345486466000000103e+00 2.534051693022665460e-04
2.346687431999999962e+00 2.905097079007934783e-04
2.347888398000000265e+00 3.335388227317076623e-04
2.349089364000000124e+00 3.868182898338699393e-04
2.350290329999999983e+00 4.493939089506577677e-04
2.351491296000000286e+00 5.252360869200766022e-04
2.352692262000000145e+00 6.169044338638044085e-04
2.353893228000000004e+00 7.276784275764612651e-04
2.355094193999999863e+00 8.724290872605941277e-04
2.356295160000000166e+00 1.038675964508239090e-03
2.357496126000000025e+00 1.238246211332681961e-03
2.358697091999999884e+00 1.475746209782147602e-03
2.359898058000000187e+00 1.756234686475855291e-03
2.361099024000000046e+00 2.129270696684887679e-03
2.362299989000000267e+00 2.517590947379082407e-03
2.363500955000000125e+00 2.958569918549942140e-03
2.364701920999999984e+00 3.452008868760623669e-03
2.365902887000000288e+00 3.996658612781324102e-03
2.367103853000000147e+00 4.687281244894972096e-03
2.368304819000000006e+00 5.331002552294535242e-03
2.369505784999999864e+00 6.013423861986253588e-03
2.370706751000000168e+00 6.730397922573317163e-03
2.371907717000000027e+00 7.481152396275873688e-03
2.373108682999999886e+00 8.353963034711892055e-03
2.374309649000000189e+00 9.165811445008454836e-03
2.375510615000000048e+00 9.951537620802577630e-03
2.376711580999999907e+00 1.080519772385244229e-02
2.377912547000000210e+00 1.173322981602791144e-02
2.379113513000000069e+00 1.276765273582257908e-02
2.380314477999999845e+00 1.390055418762453643e-02
2.381515444000000148e+00 1.517121076575280933e-02
2.382716410000000007e+00 1.661185999395779767e-02
2.383917375999999866e+00 1.825704300991786225e-02
2.385118342000000169e+00 2.016430643105320344e-02
2.386319308000000028e+00 2.234634132353514879e-02
2.387520273999999887e+00 2.488384521818192557e-02
2.388721240000000190e+00 2.784516169113989900e-02
2.389922206000000049e+00 3.130572088832019734e-02
2.391123171999999908e+00 3.537422738776454384e-02
2.392324138000000211e+00 4.009664832448739391e-02
2.393525104000000070e+00 4.558188106693585040e-02
2.394726070000000373e+00 5.190931210766051851e-02
2.395927035999999788e+00 5.913958027201735024e-02
2.397128002000000091e+00 6.733899574600771265e-02
2.398328966999999867e+00 7.640273394912569516e-02
2.399529933000000170e+00 8.627177497222608682e-02
2.400730899000000029e+00 9.678241245578092511e-02
2.401931864999999888e+00 1.077109638614427156e-01
2.403132831000000191e+00 1.188539060876912662e-01
2.404333797000000050e+00 1.297746796286804449e-01
2.405534762999999909e+00 1.402540920908647848e-01
2.406735729000000212e+00 1.500496524188855429e-01
2.407936695000000071e+00 1.589943146944144958e-01
2.409137661000000374e+00 1.671176117467468858e-01
2.410338626999999789e+00 1.742513158601821932e-01
2.411539593000000092e+00 1.806108223525694778e-01
2.412740558999999951e+00 1.863940984057711470e-01
2.413941525000000254e+00 1.918520404693474513e-01
2.415142491000000113e+00 1.973705666039475559e-01
2.416343455999999890e+00 2.029901995001927306e-01
2.417544422000000193e+00 2.090477024571881781e-01
2.418745388000000052e+00 2.157057823335716273e-01
2.419946354000000355e+00 2.230462053572204728e-01
2.421147320000000214e+00 2.311867990146423413e-01
2.422348286000000073e+00 2.397684020051379372e-01
2.423549251999999932e+00 2.487213034712581206e-01
2.424750217999999791e+00 2.577924034941789788e-01
2.425951184000000094e+00 2.667007411806399664e-01
2.427152149999999953e+00 2.753232604093487357e-01
2.428353116000000256e+00 2.831345431531281376e-01
2.429554082000000115e+00 2.901171381873361987e-01
2.430755047999999974e+00 2.961946250980649342e-01
2.431956013999999833e+00 3.013785719815555986e-01
2.433156980000000136e+00 3.059219412834244811e-01
2.434357945000000356e+00 3.096514003958509842e-01
2.435558911000000215e+00 3.129124050523025558e-01
2.436759877000000074e+00 3.158934797517091164e-01
2.437960842999999933e+00 3.187722558127632499e-01
2.439161808999999792e+00 3.218694397456680623e-01
2.440362775000000095e+00 3.249732210778501496e-01
2.441563740999999954e+00 3.283398322177267792e-01
2.442764706999999813e+00 3.320319457996570023e-01
2.443965673000000116e+00 3.360883025275256397e-01
2.445166638999999975e+00 3.406948028306417964e-01
2.446367604999999834e+00 3.454952095451677696e-01
2.447568571000000137e+00 3.506304913187781036e-01
2.448769536999999996e+00 3.560515126554302245e-01
2.449970502999999855e+00 3.616949371328755936e-01
2.451171469000000158e+00 3.669042536879894567e-01
2.452372433999999934e+00 3.723578477606178661e-01
2.453573399999999793e+00 3.777699159353234415e-01
2.454774366000000096e+00 3.830465163132369955e-01
2.455975331999999955e+00 3.881034991766128539e-01
2.457176297999999814e+00 3.926558569222428630e-01
2.458377264000000118e+00 3.970617478425604863e-01
2.459578229999999976e+00 4.010652429714575695e-01
2.460779195999999835e+00 4.046375228930390033e-01
2.461980162000000139e+00 4.077660922171753022e-01
2.463181127999999998e+00 4.102325166206759466e-01
2.464382093999999856e+00 4.125050422228767055e-01
2.465583060000000160e+00 4.143914093267572207e-01
2.466784026000000019e+00 4.159293571649363419e-01
2.467984992000000322e+00 4.171619471994602590e-01
2.469185958000000181e+00 4.181274373708672720e-01
2.470386922999999957e+00 4.188869671250656790e-01
2.471587888999999816e+00 4.196972001150588438e-01
2.472788855000000119e+00 4.201533871790700259e-01
2.473989820999999978e+00 4.207325562230534999e-01
2.475190786999999837e+00 4.210103334469452174e-01
2.476391753000000140e+00 4.212432942765152455e-01
2.477592718999999999e+00 4.216674816252166114e-01
2.478793685000000302e+00 4.218470260982823961e-01
2.479994651000000161e+00 4.222306340444548223e-01
2.481195617000000020e+00 4.223708048901319012e-01
2.482396583000000323e+00 4.227246183446745076e-01
2.483597549000000182e+00 4.230558191915671507e-01
2.484798515000000041e+00 4.233602985749221892e-01
2.485999480999999900e+00 4.234054514974138761e-01
2.487200446000000120e+00 4.236231132973119484e-01
2.488401411999999979e+00 4.237896917185005607e-01
2.489602377999999838e+00 4.236720296298635002e-01
2.490803344000000141e+00 4.237081257943697832e-01
2.492004310000000000e+00 4.236635652564251786e-01
2.493205276000000303e+00 4.235411146183074571e-01
2.494406242000000162e+00 4.233336788511119497e-01
2.495607208000000021e+00 4.230397236825058638e-01
2.496808173999999880e+00 4.226620035012870202e-01
2.498009140000000183e+00 4.222039813220893056e-01
2.499210106000000042e+00 4.216679225674782039e-01
2.500411071999999901e+00 4.210606846287062721e-01
2.501612038000000204e+00 4.204000951978901224e-01
2.502813004000000063e+00 4.196852432776312924e-01
2.504013969999999922e+00 4.189342916622614821e-01
2.505214935000000143e+00 4.181434598648199330e-01
2.506415901000000002e+00 4.173315491614554285e-01
2.507616867000000305e+00 4.165058282630293984e-01
2.508817833000000164e+00 4.156814914874609745e-01
2.510018799000000023e+00 4.148797287526954092e-01
2.511219764999999882e+00 4.140873412839529699e-01
2.512420731000000185e+00 4.133253740686614330e-01
2.513621697000000044e+00 4.126055040482928260e-01
2.514822662999999903e+00 4.119322404818275829e-01
2.516023629000000206e+00 4.113264369566232981e-01
2.517224595000000065e+00 4.107715801185347071e-01
2.518425560999999924e+00 4.102821889420316115e-01
2.519626526999999783e+00 4.098629374029791883e-01
2.520827493000000086e+00 4.095197709578861089e-01
2.522028458999999945e+00 4.092419477431319952e-01
2.523229424000000165e+00 4.090414331531803671e-01
2.524430390000000024e+00 4.089211423439397253e-01
2.525631355999999883e+00 4.088794536387448941e-01
2.526832322000000186e+00 4.089150201709563226e-01
2.528033288000000045e+00 4.090335481993465638e-01
2.529234253999999904e+00 4.092253030579551809e-01
2.530435220000000207e+00 4.094887340249676599e-01
2.531636186000000066e+00 4.098217349044889213e-01
2.532837151999999925e+00 4.102207434470370728e-01
2.534038117999999784e+00 4.106868304717814500e-01
2.535239084000000087e+00 4.112066010489234258e-01
2.536440049999999946e+00 4.117797313668398740e-01
2.537641015999999805e+00 4.123972161889853938e-01
2.538841982000000108e+00 4.130543214759674342e-01
2.540042947999999967e+00 4.137553059054200899e-01
2.541243913000000187e+00 4.144784528069793694e-01
2.542444879000000046e+00 4.152258327265313520e-01
2.543645844999999905e+00 4.159895923562986209e-01
2.544846811000000208e+00 4.167641722640498259e-01
2.546047777000000067e+00 4.175564214752152115e-01
2.547248742999999926e+00 4.183411097268652235e-01
2.548449708999999785e+00 4.191236454238616016e-01
2.549650675000000088e+00 4.198988119041381917e-01
2.550851641000000392e+00 4.206634854764830234e-01
2.552052607000000251e+00 4.214949637524064152e-01
2.553253573000000110e+00 4.222613674385159999e-01
2.554454538999999968e+00 4.230056608127275020e-01
2.555655505000000272e+00 4.237246994698182778e-01
2.556856471000000131e+00 4.244158176569094443e-01
2.558057436999999990e+00 4.251286390641522139e-01
2.559258402000000210e+00 4.257611285621394348e-01
2.560459368000000069e+00 4.263619357892315942e-01
2.561660333999999928e+00 4.269348391628903228e-01
2.562861299999999787e+00 4.274777156763104324e-01
2.564062266000000090e+00 4.280448478352216202e-01
2.565263231999999949e+00 4.285275026694050915e-01
2.566464198000000252e+00 4.289843612877555223e-01
2.567665164000000111e+00 4.294209833383220709e-01
2.568866129999999970e+00 4.298279883706609406e-01
2.570067096000000273e+00 4.302667019534546777e-01
2.571268062000000132e+00 4.306345167449867062e-01
2.572469027999999991e+00 4.309798612812982266e-01
2.573669993999999850e+00 4.313114029927220261e-01
2.574870960000000153e+00 4.316363900750245230e-01
2.576071926000000012e+00 4.320079403048404654e-01
2.577272890999999788e+00 4.323077069970843178e-01
2.578473857000000091e+00 4.326080372188379486e-01
2.579674822999999950e+00 4.328992564860947856e-01
2.580875789000000253e+00 4.331866552787926317e-01
2.582076755000000112e+00 4.335421650596430476e-01
2.583277720999999971e+00 4.338766741026128804e-01
2.584478686999999830e+00 4.342129796078335047e-01
2.585679653000000133e+00 4.345510947064523677e-01
2.586880618999999992e+00 4.348949884717811520e-01
2.588081584999999851e+00 4.353450903456912435e-01
2.589282551000000154e+00 4.356957624383142047e-01
2.590483517000000013e+00 4.360308280691937433e-01
2.591684482999999872e+00 4.363673273042469880e-01
2.592885449000000175e+00 4.367174820547708447e-01
2.594086413999999952e+00 4.371722979401670983e-01
2.595287380000000255e+00 4.375165604224356408e-01
2.596488346000000114e+00 4.378540766219183311e-01
2.597689311999999973e+00 4.381847589004356225e-01
2.598890277999999832e+00 4.385070480501571111e-01
2.600091244000000135e+00 4.389401951447173822e-01
2.601292209999999994e+00 4.387778251343885105e-01
2.602493175999999853e+00 4.385044513971342317e-01
2.603694142000000156e+00 4.382164196743597584e-01
2.604895108000000015e+00 4.379099529219980802e-01
2.606096073999999874e+00 4.371397580338290956e-01
2.607297040000000177e+00 4.367961275728267645e-01
2.608498006000000036e+00 4.364316318027711139e-01
2.609698972000000339e+00 4.360456627858030343e-01
2.610899938000000198e+00 4.356463890954336282e-01
2.612100902999999974e+00 4.347762676452466279e-01
2.613301868999999833e+00 4.343209085320959284e-01
2.614502835000000136e+00 4.330942181963787219e-01
2.615703800999999995e+00 4.330636834091799447e-01
2.616904766999999854e+00 4.330079709442827274e-01
2.618105733000000157e+00 4.329651998565278159e-01
2.619306699000000016e+00 4.328901763022445226e-01
2.620507664999999875e+00 4.328003323048427720e-01
2.621708631000000178e+00 4.327035316116956687e-01
2.622909597000000037e+00 4.325971693790639505e-01
2.624110563000000340e+00 4.325020592156378907e-01
2.625311529000000199e+00 4.323900126843359670e-01
2.626512495000000058e+00 4.322747666381810960e-01
2.627713460999999917e+00 4.321553661830674908e-01
2.628914427000000220e+00 4.320462191675804031e-01
2.630115391999999996e+00 4.319582680263978069e-01
2.631316357999999855e+00 4.318674902776410418e-01
2.632517324000000158e+00 4.317946038061112324e-01
2.633718290000000017e+00 4.317287135247933616e-01
2.634919256000000320e+00 4.316788749839083339e-01
2.636120222000000179e+00 4.316719072167700677e-01
2.637321188000000038e+00 4.316612581256945580e-01
2.638522153999999897e+00 4.316676184709640207e-01
2.639723120000000200e+00 4.316995518526396403e-01
2.640924086000000059e+00 4.317486035938845612e-01
2.642125051999999918e+00 4.318344312706144383e-01
2.643326018000000222e+00 4.319290899363678049e-01
2.644526984000000080e+00 4.320476790107157239e-01
2.645727949999999939e+00 4.321881858251702679e-01
2.646928915999999798e+00 4.323510612474515957e-01
2.648129881000000019e+00 4.325501553942614485e-01
2.649330847000000322e+00 4.327507146072176458e-01
2.650531813000000181e+00 4.329725724795891462e-01
2.651732779000000040e+00 4.322347228244558526e-01
2.652933744999999899e+00 4.323586650460520264e-01
2.654134711000000202e+00 4.323534088666002306e-01
2.655335677000000061e+00 4.324743409005550876e-01
2.656536642999999920e+00 4.325973646669749595e-01
2.657737608999999779e+00 4.327255623253902783e-01
2.658938575000000082e+00 4.328558012497182306e-01
2.660139540999999941e+00 4.328053177565900356e-01
2.661340506999999800e+00 4.328774684959751373e-01
2.662541473000000103e+00 4.329466500053573697e-01
2.663742438999999962e+00 4.330061495365784552e-01
2.664943404999999821e+00 4.330666257648868589e-01
2.666144370000000041e+00 4.328771143156506795e-01
2.667345335999999900e+00 4.329118419838111631e-01
2.668546302000000203e+00 4.329491786213582327e-01
2.669747268000000062e+00 4.329781634885068731e-01
2.670948233999999921e+00 4.330094442747836059e-01
2.672149199999999780e+00 4.328219158953239831e-01
2.673350166000000083e+00 4.328498794364955549e-01
2.674551131999999942e+00 4.328723534527188499e-01
2.675752097999999801e+00 4.329039374172626853e-01
2.676953064000000104e+00 4.329316987073377754e-01
2.678154029999999963e+00 4.327788285140539704e-01
2.679354995999999822e+00 4.327874581704614365e-01
2.680555962000000125e+00 4.327816858356469121e-01
2.681756927999999984e+00 4.327637194602059756e-01
2.682957894000000287e+00 4.327266910342015271e-01
2.684158859000000064e+00 4.325713089617456708e-01
2.685359824999999923e+00 4.325139062457045158e-01
2.686560790999999782e+00 4.324388417863711531e-01
2.687761757000000085e+00 4.323545523118844658e-01
2.688962722999999944e+00 4.322663584478314558e-01
2.690163688999999803e+00 4.321343944096746048e-01
2.691364655000000106e+00 4.320530753754195930e-01
2.692565621000000409e+00 4.319733642136390772e-01
2.693766587000000268e+00 4.318985024074475931e-01
2.694967553000000127e+00 4.318314237593600113e-01
2.696168518999999986e+00 4.317885432943533441e-01
2.697369485000000289e+00 4.317446635330776106e-01
2.698570451000000148e+00 4.317127552053905415e-01
2.699771417000000007e+00 4.316959990587688756e-01
2.700972382999999866e+00 4.325570136666007648e-01
2.702173348000000086e+00 4.327511140956786795e-01
2.703374313999999945e+00 4.328316515047324620e-01
2.704575279999999804e+00 4.329139172505637734e-01
2.705776246000000107e+00 4.329990893437083987e-01
2.706977211999999966e+00 4.330841707224514225e-01
2.708178178000000269e+00 4.332906792144382013e-01
2.709379144000000128e+00 4.333833218333340564e-01
2.710580109999999987e+00 4.334726062141502911e-01
2.711781076000000290e+00 4.335618153817950571e-01
2.712982042000000149e+00 4.336461499255535035e-01
2.714183008000000008e+00 4.338452838740279316e-01
2.715383973999999867e+00 4.339216427900721706e-01
2.716584940000000170e+00 4.339888691324194081e-01
2.717785906000000029e+00 4.340563541612227905e-01
2.718986870999999805e+00 4.341179505114560744e-01
2.720187837000000108e+00 4.342872509795240865e-01
2.721388802999999967e+00 4.343378342136840486e-01
2.722589769000000270e+00 4.343881622582697610e-01
2.723790735000000129e+00 4.344380598019096928e-01
2.724991700999999988e+00 4.344839045162055546e-01
2.726192666999999847e+00 4.346543309335773042e-01
2.727393633000000150e+00 4.346978803573481875e-01
2.728594599000000009e+00 4.347339866306998424e-01
2.729795564999999868e+00 4.347758499507078378e-01
2.730996531000000171e+00 4.348053320756951612e-01
2.732197497000000030e+00 4.349521384265701007e-01
2.733398462999999889e+00 4.349804905855967352e-01
2.734599429000000193e+00 4.350064028250070214e-01
2.735800395000000051e+00 4.350303990038952295e-01
2.737001360000000272e+00 4.351740227687732609e-01
2.738202326000000131e+00 4.352093583168132884e-01
2.739403291999999990e+00 4.352520325756467079e-01
2.740604257999999849e+00 4.353086771432225222e-01
2.741805224000000152e+00 4.353702561323486986e-01
2.743006190000000011e+00 4.355587814099232125e-01
2.744207155999999870e+00 4.356465145056339638e-01
2.745408122000000173e+00 4.357475524424239688e-01
2.746609088000000032e+00 4.358624846271037523e-01
2.747810053999999891e+00 4.359847128352298262e-01
2.749011020000000194e+00 4.362386471521407239e-01
2.750211986000000053e+00 4.363885940866586433e-01
2.751412951999999912e+00 4.358820714871701751e-01
2.752613918000000215e+00 4.353954202769466653e-01
2.753814884000000074e+00 4.349262893602368618e-01
2.755015848999999850e+00 4.339263881856766369e-01
2.756216815000000153e+00 4.334882867503856430e-01
2.757417781000000012e+00 4.330695566874001590e-01
2.758618746999999871e+00 4.326626109659067465e-01
2.759819713000000174e+00 4.322726440839738116e-01
2.761020679000000033e+00 4.313583650644506884e-01
2.762221644999999892e+00 4.309983149379635892e-01
2.763422611000000195e+00 4.312715529370715339e-01
2.764623577000000054e+00 4.314048291403721480e-01
2.765824543000000357e+00 4.315605869825582808e-01
2.767025509000000216e+00 4.316790242313021664e-01
2.768226475000000075e+00 4.318820489175722033e-01
2.769427440999999934e+00 4.321018319774756478e-01
2.770628406999999793e+00 4.323356217728481221e-01
2.771829373000000096e+00 4.325875487264927433e-01
2.773030337999999873e+00 4.328508314603515261e-01
2.774231304000000176e+00 4.331355775558385357e-01
2.775432270000000035e+00 4.334261581888820269e-01
2.776633236000000338e+00 4.337255953174918854e-01
2.777834202000000197e+00 4.340276488278018152e-01
2.779035168000000056e+00 4.343802469904831653e-01
2.780236134000000359e+00 4.346944247753177226e-01
2.781437100000000218e+00 4.350053481317571191e-01
2.782638066000000077e+00 4.353123604500489519e-01
2.783839031999999936e+00 4.356121035443449308e-01
2.785039997999999795e+00 4.359944764461959332e-01
2.786240964000000098e+00 4.362869541901015502e-01
2.787441929999999957e+00 4.365699748824056758e-01
2.788642895999999816e+00 4.368428081974079502e-01
2.789843862000000119e+00 4.371018419995117421e-01
2.791044827000000339e+00 4.374514236605203665e-01
2.792245793000000198e+00 4.376846251473693883e-01
2.793446759000000057e+00 4.379032617551901208e-01
2.794647724999999916e+00 4.381014973196007967e-01
2.795848691000000219e+00 4.382854053429023899e-01
2.797049657000000078e+00 4.385497257875531352e-01
2.798250622999999937e+00 4.386948813937630032e-01
2.799451588999999796e+00 4.388219642271799503e-01
2.800652555000000099e+00 4.389321052265482415e-01
2.801853520999999958e+00 4.390276910535643173e-01
2.803054486999999817e+00 4.391764246661801208e-01
2.804255453000000120e+00 4.392352293887058501e-01
2.805456418999999979e+00 4.392778806160875793e-01
2.806657384999999838e+00 4.393094828278053532e-01
2.807858351000000141e+00 4.393284669483565885e-01
2.809059315999999917e+00 4.393625310820686858e-01
2.810260282000000220e+00 4.393506308969625240e-01
2.811461248000000079e+00 4.393291023796275230e-01
2.812662213999999938e+00 4.393017475515726411e-01
2.813863179999999797e+00 4.392670562082806596e-01
2.815064146000000100e+00 4.391958132336915566e-01
2.816265111999999959e+00 4.391420646524641924e-01
2.817466077999999818e+00 4.390889480318909688e-01
2.818667044000000121e+00 4.390341306584500947e-01
2.819868009999999980e+00 4.389838232871915991e-01
2.821068975999999839e+00 4.388432267502582196e-01
2.822269942000000142e+00 4.388733874764249032e-01
2.823470908000000001e+00 4.389088446809106814e-01
2.824671874000000305e+00 4.389511882148391386e-01
2.825872839000000081e+00 4.390002178269506450e-01
2.827073804999999940e+00 4.389954354657521485e-01
2.828274770999999799e+00 4.390521004692607421e-01
2.829475737000000102e+00 4.391161617357908220e-01
2.830676702999999961e+00 4.391929588974444743e-01
2.831877668999999820e+00 4.392781858360577107e-01
2.833078635000000123e+00 4.392802267317624798e-01
2.834279600999999982e+00 4.393810132957666204e-01
2.835480567000000285e+00 4.394951990599520464e-01
2.836681533000000144e+00 4.396208750909333940e-01
2.837882499000000003e+00 4.397577006645606579e-01
2.839083465000000306e+00 4.397972573010262565e-01
2.840284431000000165e+00 4.399576485967329753e-01
2.841485397000000024e+00 4.401304142674243303e-01
2.842686362999999883e+00 4.403136327299062014e-01
2.843887328000000103e+00 4.405090728513790244e-01
2.845088293999999962e+00 4.406099361609822074e-01
2.846289259999999821e+00 4.408281879655293611e-01
2.847490226000000124e+00 4.410571606203993467e-01
2.848691191999999983e+00 4.412965801952808964e-01
2.849892158000000286e+00 4.415417176895034546e-01
2.851093124000000145e+00 4.417193070930661714e-01
2.852294090000000004e+00 4.419865268053915219e-01
2.853495056000000307e+00 4.422626797551498790e-01
2.854696022000000166e+00 4.425457778187559810e-01
2.855896988000000025e+00 4.428351176516341914e-01
2.857097953999999884e+00 4.430894681093829890e-01
2.858298920000000187e+00 4.433958576514083205e-01
2.859499886000000046e+00 4.437080567279555465e-01
2.860700851999999905e+00 4.440231866187062115e-01
2.861901817000000126e+00 4.443416471361325559e-01
2.863102782999999985e+00 4.446635219205117284e-01
2.864303749000000288e+00 4.449955777056673334e-01
2.865504715000000147e+00 4.453296115417753609e-01
2.866705681000000006e+00 4.456658534843976893e-01
2.867906646999999865e+00 4.460011219518120740e-01
2.869107613000000168e+00 4.463771993375930114e-01
2.870308579000000027e+00 4.467185420806429885e-01
2.871509544999999886e+00 4.470604151616067723e-01
2.872710511000000189e+00 4.473997921801339817e-01
2.873911477000000048e+00 4.477369831048654825e-01
2.875112442999999907e+00 4.481342020843290808e-01
2.876313409000000210e+00 4.484667103634381591e-01
2.877514375000000069e+00 4.487938515768103986e-01
2.878715340999999928e+00 4.491145497702087597e-01
2.879916306000000148e+00 4.494267700189714110e-01
2.881117272000000007e+00 4.498050352603909507e-01
2.882318237999999866e+00 4.500997094335488780e-01
2.883519204000000169e+00 4.503827087938244156e-01
2.884720170000000028e+00 4.506543063859984599e-01
2.885921135999999887e+00 4.509124812122345949e-01
2.887122102000000190e+00 4.512214595303531972e-01
2.888323068000000049e+00 4.514456150736529949e-01
2.889524033999999908e+00 4.516536969095539811e-01
2.890725000000000211e+00 4.518429103158507765e-01
2.891925966000000070e+00 4.520149357158197989e-01
2.893126931999999929e+00 4.522023716910439362e-01
2.894327897999999788e+00 4.523289408528640143e-01
2.895528864000000091e+00 4.524323838110447249e-01
2.896729830000000394e+00 4.525142145006626482e-01
2.897930795000000170e+00 4.525736508115969503e-01
2.899131761000000029e+00 4.526011502208003856e-01
2.900332726999999888e+00 4.526078665454063010e-01
2.901533693000000191e+00 4.525914176995465277e-01
2.902734659000000050e+00 4.525497771491714949e-01
2.903935624999999909e+00 4.524860826659610202e-01
2.905136591000000212e+00 4.523325285594472778e-01
2.906337557000000071e+00 4.522143445800749784e-01
2.907538523000000374e+00 4.520735341320631928e-01
2.908739488999999789e+00 4.519116745418322312e-01
2.909940455000000092e+00 4.517287973854183791e-01
2.911141420999999951e+00 4.514014037889069741e-01
2.912342387000000254e+00 4.511732433186128044e-01
2.913543353000000113e+00 4.509288400723177603e-01
2.914744318999999972e+00 4.506691855179584261e-01
2.915945284000000193e+00 4.503974995387621805e-01
2.917146250000000052e+00 4.499366101808572882e-01
2.918347215999999911e+00 4.496394411628317211e-01
2.919548182000000214e+00 4.493379497464944361e-01
2.920749148000000073e+00 4.490335403297098793e-01
2.921950114000000376e+00 4.487285595149244077e-01
2.923151079999999791e+00 4.482063116935922631e-01
2.924352046000000094e+00 4.479000223426067295e-01
2.925553011999999953e+00 4.475996861721643905e-01
2.926753978000000256e+00 4.473076206270480970e-01
2.927954944000000115e+00 4.470254850985128092e-01
2.929155909999999974e+00 4.465174982506014412e-01
2.930356875999999833e+00 4.462588992584901604e-01
2.931557842000000136e+00 4.460145831084151302e-01
2.932758807999999995e+00 4.457871531742161331e-01
2.933959773000000215e+00 4.455787870161251885e-01
2.935160739000000074e+00 4.451561426075181793e-01
2.936361704999999933e+00 4.449915933609569496e-01
2.937562670999999792e+00 4.448497335746525172e-01
2.938763637000000095e+00 4.447304313272066878e-01
2.939964602999999954e+00 4.446344644260001866e-01
2.941165568999999813e+00 4.443901879925159504e-01
2.942366535000000116e+00 4.443849168858522991e-01
2.943567500999999975e+00 4.444041301759434903e-01
2.944768466999999834e+00 4.444479797936694565e-01
2.945969433000000137e+00 4.445150329290133984e-01
2.947170398999999996e+00 4.444764909559414390e-01
2.948371364999999855e+00 4.445962939198662145e-01
2.949572331000000158e+00 4.447363595139526282e-01
2.950773295999999934e+00 4.448952121418479067e-01
2.951974261999999793e+00 4.450713192492303238e-01
2.953175228000000097e+00 4.451950363817477330e-01
2.954376193999999956e+00 4.454099475939118369e-01
2.955577159999999814e+00 4.456366935038547639e-01
2.956778126000000118e+00 4.458743644222178393e-01
2.957979091999999977e+00 4.461200706286295725e-01
2.959180057999999836e+00 4.463728888426369279e-01
2.960381024000000139e+00 4.466390798026679820e-01
2.961581989999999998e+00 4.469071880917303563e-01
2.962782955999999857e+00 4.471757024917353274e-01
2.963983922000000160e+00 4.474435936496218291e-01
2.965184888000000019e+00 4.477817170073875586e-01
2.966385854000000322e+00 4.480519513023664135e-01
2.967586820000000181e+00 4.483148182936637083e-01
2.968787784999999957e+00 4.485702185703447364e-01
2.969988750999999816e+00 4.488177312055008361e-01
2.971189717000000119e+00 4.491958109933659182e-01
2.972390682999999978e+00 4.494336297547345538e-01
2.973591648999999837e+00 4.496597760033849145e-01
2.974792615000000140e+00 4.498758719496981362e-01
2.975993580999999999e+00 4.500815532137906194e-01
2.977194546999999858e+00 4.504741856505424247e-01
2.978395513000000161e+00 4.506675033657681073e-01
2.979596479000000020e+00 4.508517707549843934e-01
2.980797445000000323e+00 4.510276394108619913e-01
2.981998411000000182e+00 4.511971422850174496e-01
2.983199377000000041e+00 4.515967044150038801e-01
2.984400342999999900e+00 4.517594880341183616e-01
2.985601309000000203e+00 4.519165858455565510e-01
2.986802273999999979e+00 4.520727847841768954e-01
2.988003239999999838e+00 4.524839080839000438e-01
2.989204206000000141e+00 4.526418247243685355e-01
2.990405172000000000e+00 4.528001209051620846e-01
2.991606138000000303e+00 4.529632235244581695e-01
2.992807104000000162e+00 4.531306970672518419e-01
2.994008070000000021e+00 4.535677341804941198e-01
2.995209036000000324e+00 4.537510691620309511e-01
2.996410002000000183e+00 4.539439571281663754e-01
2.997610968000000042e+00 4.541471779721704127e-01
2.998811933999999901e+00 4.543650721192883934e-01
3.000012900000000204e+00 4.546092259523857315e-01
3.001213866000000063e+00 4.548902096353270030e-01
3.002414831999999922e+00 4.551866717657290784e-01
3.003615797999999781e+00 4.554988570818508942e-01
3.004816763000000002e+00 4.558262229330531934e-01
3.006017729000000305e+00 4.563918040422556555e-01
3.007218695000000164e+00 4.567451081292240866e-01
3.008419661000000023e+00 4.571119684805438066e-01
3.009620626999999882e+00 4.574926451429738306e-01
3.010821593000000185e+00 4.578843323576963220e-01
3.012022559000000044e+00 4.584616047895210267e-01
3.013223524999999903e+00 4.588654236755175253e-01
3.014424491000000206e+00 4.592785174158715567e-01
3.015625457000000065e+00 4.596957553198745550e-01
3.016826422999999924e+00 4.601180744399232525e-01
3.018027388999999783e+00 4.606575363824215175e-01
3.019228355000000086e+00 4.610725498463582039e-01
3.020429320999999945e+00 4.614846911844107114e-01
3.021630286999999804e+00 4.618931176916608594e-01
3.022831252000000024e+00 4.622914152018882117e-01
3.024032217999999883e+00 4.627373350197242496e-01
3.025233184000000186e+00 4.631033468981458068e-01
3.026434150000000045e+00 4.634559300181100849e-01
3.027635115999999904e+00 4.637910086674460475e-01
3.028836082000000207e+00 4.641070101024731276e-01
3.030037048000000066e+00 4.644024872597135589e-01
3.031238013999999925e+00 4.646671686048615135e-01
3.032438979999999784e+00 4.649115562993538786e-01
3.033639946000000087e+00 4.651331437289022430e-01
3.034840911999999946e+00 4.653320390837943910e-01
3.036041877999999805e+00 4.654575068762309975e-01
3.037242844000000108e+00 4.656011307843525016e-01
3.038443810000000411e+00 4.657194009755587505e-01
3.039644776000000270e+00 4.658159908227887946e-01
3.040845741000000046e+00 4.658882188751938824e-01
3.042046706999999905e+00 4.658592912880306081e-01
3.043247673000000209e+00 4.658835929155668021e-01
3.044448639000000068e+00 4.658908271195583151e-01
3.045649604999999926e+00 4.658812672409154976e-01
3.046850570999999785e+00 4.658589660280249012e-01
3.048051537000000089e+00 4.657270867253117119e-01
3.049252502999999948e+00 4.656812364549266503e-01
3.050453469000000251e+00 4.656296071667675451e-01
3.051654435000000110e+00 4.655732981196071818e-01
3.052855400999999969e+00 4.655181957031040985e-01
3.054056367000000272e+00 4.653678055007052228e-01
3.055257333000000131e+00 4.653218345782308973e-01
3.056458298999999990e+00 4.652806105024958061e-01
3.057659264000000210e+00 4.652513224064414588e-01
3.058860230000000069e+00 4.652327718649501564e-01
3.060061195999999928e+00 4.651514875921921588e-01
3.061262161999999787e+00 4.651770377139212709e-01
3.062463128000000090e+00 4.652227166290160421e-01
3.063664094000000393e+00 4.652880572331358766e-01
3.064865060000000252e+00 4.653754262004313746e-01
3.066066026000000111e+00 4.654421089202739337e-01
3.067266991999999970e+00 4.655791157142655234e-01
3.068467958000000273e+00 4.657383466584559817e-01
3.069668924000000132e+00 4.659157243294379525e-01
3.070869889999999991e+00 4.661144049945495915e-01
3.072070855999999850e+00 4.663227043170580788e-01
3.073271822000000153e+00 4.665587346536854696e-01
3.074472788000000012e+00 4.668011460626407816e-01
3.075673752999999788e+00 4.670496147526145281e-01
3.076874719000000091e+00 4.672962916112605170e-01
3.078075684999999950e+00 4.675758116558945687e-01
3.079276651000000253e+00 4.678101994843291145e-01
3.080477617000000112e+00 4.680206645372504415e-01
3.081678582999999971e+00 4.681976307327834208e-01
3.082879549000000274e+00 4.683278279311141601e-01
3.084080515000000133e+00 4.684861967713134234e-01
3.085281480999999992e+00 4.684979465571669222e-01
3.086482446999999851e+00 4.684272527350846760e-01
3.087683413000000154e+00 4.682533693774492689e-01
3.088884379000000013e+00 4.679628715672672912e-01
3.090085344999999872e+00 4.676490351198216433e-01
3.091286311000000175e+00 4.670589282141230369e-01
3.092487277000000034e+00 4.662871791226601559e-01
3.093688242000000255e+00 4.653067831254649178e-01
3.094889208000000114e+00 4.640927349215572817e-01
3.096090173999999973e+00 4.627704134145681492e-01
3.097291139999999832e+00 4.610142171811442147e-01
3.098492106000000135e+00 4.589335792421555538e-01
3.099693071999999994e+00 4.565112760210202625e-01
3.100894037999999853e+00 4.537151155494662524e-01
3.102095004000000156e+00 4.506819802234840466e-01
3.103295970000000015e+00 4.470451866606858227e-01
3.104496935999999874e+00 4.429534074193733906e-01
3.105697902000000177e+00 4.383772930696744896e-01
3.106898868000000036e+00 4.332894095062406192e-01
3.108099833999999895e+00 4.278585752641796969e-01
3.109300800000000198e+00 4.217208845188533672e-01
3.110501766000000057e+00 4.150325949232143152e-01
3.111702730999999833e+00 4.077960207806160531e-01
3.112903697000000136e+00 4.000201711449817843e-01
3.114104662999999995e+00 3.918645830085204507e-01
3.115305628999999854e+00 3.830195504692578412e-01
3.116506595000000157e+00 3.736790757706926480e-01
3.117707561000000016e+00 3.638695017449649627e-01
3.118908526999999875e+00 3.536129513182351136e-01
3.120109493000000178e+00 3.430939698170855090e-01
3.121310459000000037e+00 3.320856125840750961e-01
3.122511425000000340e+00 3.207685012527151658e-01
3.123712391000000199e+00 3.091969770070708279e-01
3.124913357000000058e+00 2.974309047892604863e-01
3.126114322999999917e+00 2.856297382709024890e-01
3.127315289000000220e+00 2.736325092855802499e-01
3.128516255000000079e+00 2.616125752111694291e-01
3.129717219999999855e+00 2.496307089332340245e-01
3.130918186000000158e+00 2.377374511849441319e-01
3.132119152000000017e+00 2.260563769990902028e-01
3.133320117999999876e+00 2.144944812798037503e-01
3.134521084000000180e+00 2.031751459039433938e-01
3.135722050000000038e+00 1.921364227481187348e-01
3.136923016000000342e+00 1.814166236174594715e-01
3.138123982000000201e+00 1.710954529967276816e-01
3.139324948000000060e+00 1.611021853458516895e-01
3.140525913999999919e+00 1.515074328790294578e-01
3.141726880000000222e+00 1.423270786289136947e-01
3.142927846000000081e+00 1.335733026078240460e-01
3.144128811999999940e+00 1.252736307478981570e-01
3.145329777999999799e+00 1.173767322400151303e-01
3.146530744000000102e+00 1.099106801227328900e-01
3.147731709000000322e+00 1.028665555733388054e-01
3.148932675000000181e+00 9.623674361549020007e-02
3.150133641000000040e+00 9.002009947132250112e-02
3.151334606999999899e+00 8.417817714974826226e-02
3.152535573000000202e+00 7.870841383082453901e-02
3.153736539000000061e+00 7.359603172809753291e-02
3.154937504999999920e+00 6.882318026883058049e-02
3.156138470999999779e+00 6.437709168703693863e-02
3.157339437000000082e+00 6.022749552215477670e-02
3.158540402999999941e+00 5.636281842908148765e-02
3.159741368999999800e+00 5.276899795118680792e-02
3.160942335000000103e+00 4.942627017810719697e-02
3.162143300999999962e+00 4.632298256968926664e-02
3.163344266999999821e+00 4.343502143272017640e-02
3.164545233000000124e+00 4.075086596783013271e-02
3.165746197999999900e+00 3.825891688854336087e-02
3.166947164000000203e+00 3.594267749720755911e-02
3.168148130000000062e+00 3.379296261270227364e-02
3.169349095999999921e+00 3.179197648641427648e-02
3.170550061999999780e+00 2.993280454248262515e-02
3.171751028000000083e+00 2.820402300272534940e-02
3.172951993999999942e+00 2.659610403310168347e-02
3.174152959999999801e+00 2.510126228102385615e-02
3.175353926000000104e+00 2.370741330020542312e-02
3.176554891999999963e+00 2.241101471370509149e-02
3.177755857999999822e+00 2.120262325479152499e-02
3.178956824000000125e+00 2.007650939809467114e-02
3.180157789999999984e+00 1.902547017368091259e-02
3.181358756000000287e+00 1.804351161876029466e-02
3.182559721000000064e+00 1.712691399388859351e-02
3.183760686999999923e+00 1.626864669432121976e-02
3.184961652999999782e+00 1.546701424370814162e-02
3.186162619000000085e+00 1.471537021616396365e-02
3.187363584999999944e+00 1.401123631494404984e-02
3.188564550999999803e+00 1.335089949950447191e-02
3.189765517000000106e+00 1.273063324275109168e-02
3.190966482999999965e+00 1.214930083158425635e-02
3.192167448999999824e+00 1.160184550553359714e-02
3.193368415000000127e+00 1.108802470656549549e-02
3.194569380999999986e+00 1.060349341946771259e-02
3.195770347000000289e+00 1.014717851733997096e-02
3.196971313000000148e+00 9.716745172905428413e-03
3.198172279000000007e+00 9.309372263544616471e-03
3.199373245000000310e+00 8.924830396865535143e-03
3.200574210000000086e+00 8.558406127341215003e-03
3.201775175999999945e+00 8.211414937156415184e-03
3.202976141999999804e+00 7.881241118472444296e-03
3.204177108000000107e+00 7.567126851207639504e-03
3.205378074000000410e+00 7.268492455284804310e-03
3.206579040000000269e+00 6.982737548243707522e-03
3.207780006000000128e+00 6.711316250706642235e-03
3.208980971999999987e+00 6.451431310956767806e-03
3.210181938000000290e+00 6.204132089739368069e-03
3.211382904000000149e+00 5.967030298953411409e-03
3.212583870000000008e+00 5.739073259845984057e-03
3.213784835999999867e+00 5.521567469309566697e-03
3.214985802000000170e+00 5.311556655288728057e-03
3.216186768000000029e+00 5.110429739601121332e-03
3.217387733999999888e+00 4.915661571056797324e-03
3.218588699000000108e+00 4.727564244613908194e-03
3.219789664999999967e+00 4.546467663389977716e-03
3.220990631000000270e+00 4.371204444945408704e-03
3.222191597000000129e+00 4.202952279055335513e-03
3.223392562999999988e+00 4.038969269659731937e-03
3.224593529000000292e+00 3.880781147889813057e-03
3.225794495000000150e+00 3.727519070347668113e-03
3.226995461000000009e+00 3.578975353989382810e-03
3.228196426999999868e+00 3.435565732164166768e-03
3.229397393000000172e+00 3.295424007438010634e-03
3.230598359000000031e+00 3.160551490430047426e-03
3.231799324999999889e+00 3.028995753613939086e-03
3.233000291000000193e+00 2.901213162203358092e-03
3.234201257000000052e+00 2.777870485461053727e-03
3.235402222999999911e+00 2.657343078815644927e-03
3.236603188000000131e+00 2.541516431981204888e-03
3.237804153999999990e+00 2.428582659836970095e-03
3.239005119999999849e+00 2.319348671485615097e-03
3.240206086000000152e+00 2.213521792048270265e-03
3.241407052000000011e+00 2.110812986735013247e-03
3.242608017999999870e+00 2.012379343877084264e-03
3.243808984000000173e+00 1.916144092578213375e-03
3.245009950000000032e+00 1.824056693543576633e-03
3.246210915999999891e+00 1.735515923650593050e-03
3.247411882000000194e+00 1.650251355302080440e-03
3.248612848000000053e+00 1.568742383369241006e-03
3.249813813999999912e+00 1.489372347428383897e-03
3.251014780000000215e+00 1.413616889511601880e-03
3.252215746000000074e+00 1.340408594673410522e-03
3.253416712000000377e+00 1.270592382369018468e-03
3.254617677000000153e+00 1.204020455804408847e-03
3.255818643000000012e+00 1.139320301339153373e-03
3.257019608999999871e+00 1.078135407914926694e-03
3.258220575000000174e+00 1.019252663953820748e-03
3.259421541000000033e+00 9.633172974341441472e-04
3.260622506999999892e+00 9.100828448623148655e-04
3.261823473000000195e+00 8.591072632437393199e-04
3.263024439000000054e+00 8.112853889051462822e-04
3.264225405000000357e+00 7.647248731366528690e-04
3.265426371000000216e+00 7.205401831119030102e-04
3.266627337000000075e+00 6.784732998216137919e-04
3.267828302999999934e+00 6.381039770367295154e-04
3.269029268999999793e+00 6.006126688234090247e-04
3.270230235000000096e+00 5.646158866775170815e-04
3.271431200999999955e+00 5.309339859940955409e-04
3.272632166000000176e+00 4.988298999021897710e-04
3.273833132000000035e+00 4.683111587674190345e-04
3.275034097999999894e+00 4.403762290211280981e-04
3.276235064000000197e+00 4.134300580732521032e-04
3.277436030000000056e+00 3.889272781099149920e-04
3.278636996000000359e+00 3.658323826282526125e-04
3.279837962000000218e+00 3.434649334962598145e-04
3.281038928000000077e+00 3.231728166978194952e-04
3.282239893999999936e+00 3.035310178119391029e-04
3.283440859999999795e+00 2.855726483610953855e-04
3.284641826000000098e+00 2.683743257510280830e-04
3.285842791999999957e+00 2.523046997122967996e-04
3.287043757999999816e+00 2.380842727731230513e-04
3.288244724000000119e+00 2.240285703601649445e-04
3.289445689000000339e+00 2.115859639819226887e-04
3.290646655000000198e+00 1.996788692394510696e-04
3.291847621000000057e+00 1.885567439937315738e-04
3.293048587000000360e+00 1.787425378059768533e-04
3.294249553000000219e+00 1.689076416397782433e-04
3.295450519000000078e+00 1.600613110838674852e-04
3.296651484999999937e+00 1.513280040828421900e-04
3.297852450999999796e+00 1.430287335859626869e-04
3.299053417000000099e+00 1.357152110026438080e-04
3.300254382999999958e+00 1.281645367386733108e-04
3.301455348999999817e+00 1.213657686034143676e-04
3.302656315000000120e+00 1.148744611740071025e-04
3.303857280999999979e+00 1.087412681678694561e-04
3.305058246999999838e+00 1.036671205999940436e-04
3.306259213000000141e+00 9.844926954253631346e-05
3.307460177999999917e+00 9.392245897535200045e-05
3.308661144000000220e+00 8.965615434047854537e-05
3.309862110000000079e+00 8.560519082552538910e-05
3.311063075999999938e+00 8.231774187004826742e-05
3.312264041999999797e+00 7.886047189831995425e-05
3.313465008000000100e+00 7.602081544677684202e-05
3.314665973999999959e+00 7.336445495570835811e-05
3.315866939999999818e+00 7.072385549494525012e-05
3.317067906000000121e+00 6.898345161853377551e-05
3.318268871999999980e+00 6.690101394876604018e-05
3.319469837999999839e+00 6.499838987494552299e-05
3.320670804000000143e+00 6.313172261344659434e-05
3.321871770000000001e+00 6.133612897153081246e-05
3.323072735999999860e+00 6.046884921465711578e-05
3.324273702000000164e+00 5.911485579776725016e-05
3.325474666999999940e+00 5.744530236992188268e-05
3.326675632999999799e+00 5.596432943418757917e-05
3.327876599000000102e+00 5.464563175611354424e-05
3.329077564999999961e+00 5.386967212101907373e-05
3.330278530999999820e+00 5.297950336578876397e-05
3.331479497000000123e+00 5.154711481231406096e-05
3.332680462999999982e+00 5.018077083321602079e-05
3.333881428999999841e+00 4.851997263743429857e-05
3.335082395000000144e+00 4.723762519821551311e-05
3.336283361000000003e+00 4.560715108020749317e-05
3.337484327000000306e+00 4.388212572097321425e-05
3.338685293000000165e+00 4.246516356355594296e-05
3.339886259000000024e+00 4.102638750798482363e-05
3.341087225000000327e+00 4.031145258861838462e-05
3.342288191000000186e+00 3.957001543261932323e-05
3.343489155999999962e+00 3.843220013299673702e-05
3.344690121999999821e+00 3.766420579376660748e-05
3.345891088000000124e+00 3.692864969475246088e-05
3.347092053999999983e+00 3.613095165741132982e-05
3.348293020000000286e+00 3.529287675300589656e-05
3.349493986000000145e+00 3.425425599920935366e-05
3.350694952000000004e+00 3.353922954607442124e-05
3.351895918000000307e+00 3.285357278130380387e-05
3.353096884000000166e+00 3.237081022155696383e-05
3.354297850000000025e+00 3.203748768521391351e-05
3.355498815999999884e+00 3.148774411110002666e-05
3.356699782000000187e+00 3.101720774655963809e-05
3.357900748000000046e+00 3.051542967447847362e-05
3.359101713999999905e+00 2.987608157507352574e-05
3.360302680000000208e+00 2.940290470932187695e-05
3.361503644999999985e+00 2.887871899149552541e-05
3.362704611000000288e+00 2.854073575419868689e-05
3.363905577000000147e+00 2.836693703103874880e-05
3.365106543000000006e+00 2.812733679001001096e-05
3.366307509000000309e+00 2.817371921145903727e-05
3.367508475000000168e+00 2.850055790138818841e-05
3.368709441000000027e+00 2.878605143050655342e-05
3.369910406999999886e+00 2.898711845799263387e-05
3.371111373000000189e+00 2.878998061947205629e-05
3.372312339000000048e+00 2.856235632167420833e-05
3.373513304999999907e+00 2.843430320818727264e-05
3.374714271000000210e+00 2.842483051512822469e-05
3.375915237000000069e+00 2.850934415719491745e-05
3.377116202999999928e+00 2.851424722643071169e-05
3.378317168999999787e+00 2.851914809922587185e-05
3.379518134000000007e+00 2.898326010931684030e-05
3.380719099999999866e+00 2.963233953532582983e-05
3.381920066000000169e+00 3.019693759324971292e-05
3.383121032000000028e+00 3.054297388013950946e-05
3.384321997999999887e+00 3.054101937681351955e-05
3.385522964000000190e+00 3.062806970947457393e-05
3.386723930000000049e+00 3.079461713464875313e-05
3.387924895999999908e+00 3.105728379926141907e-05
3.389125862000000211e+00 3.122462602361688146e-05
3.390326828000000070e+00 3.102222883043750419e-05
3.391527793999999929e+00 3.086627019029120067e-05
3.392728759999999788e+00 3.135707466989444512e-05
3.393929726000000091e+00 3.205278259512743235e-05
3.395130692000000394e+00 3.275183319383896750e-05
3.396331658000000253e+00 3.341088568090081222e-05
3.397532623000000029e+00 3.424428259694265201e-05
3.398733588999999888e+00 3.524255742122103742e-05
3.399934555000000191e+00 3.651527397772363800e-05
3.401135521000000050e+00 3.791017960374029475e-05
3.402336486999999909e+00 3.882931689366789945e-05
3.403537453000000212e+00 3.957243083233452294e-05
3.404738419000000071e+00 4.033449805894993493e-05
3.405939384999999930e+00 4.104630931178904500e-05
3.407140350999999789e+00 4.154526350709408420e-05
3.408341317000000092e+00 4.224332469272295307e-05
3.409542283000000396e+00 4.330104862274920964e-05
3.410743249000000255e+00 4.434373810136288537e-05
3.411944215000000113e+00 4.592199550903634683e-05
3.413145180999999972e+00 4.784880292234720074e-05
3.414346146000000193e+00 4.934590116354462073e-05
3.415547112000000052e+00 5.046839222781960535e-05
3.416748077999999911e+00 5.161906047255757291e-05
3.417949044000000214e+00 5.255159930489174288e-05
3.419150010000000073e+00 5.358571410359358895e-05
3.420350976000000376e+00 5.453586552916139590e-05
3.421551941999999791e+00 5.490098806965275477e-05
3.422752908000000094e+00 5.517049305293936668e-05
3.423953873999999953e+00 5.586375995336742366e-05
3.425154840000000256e+00 5.724544730864069409e-05
3.426355806000000115e+00 5.831918303437439517e-05
3.427556771999999974e+00 5.859090310900814952e-05
3.428757737999999833e+00 5.856004729532396998e-05
3.429958704000000136e+00 5.848270823248512306e-05
3.431159669999999995e+00 5.911624513051704833e-05
3.432360635000000215e+00 6.022636531680018257e-05
3.433561601000000074e+00 6.057241929030207221e-05
3.434762567000000377e+00 6.048443185239195320e-05
3.435963532999999792e+00 6.089100362265652006e-05
3.437164499000000095e+00 6.134636800671686130e-05
3.438365464999999954e+00 6.191350725314763632e-05
3.439566431000000257e+00 6.256380486542973361e-05
3.440767397000000116e+00 6.240306354574500609e-05
3.441968362999999975e+00 6.234033106940243217e-05
3.443169328999999834e+00 6.276633370857923142e-05
3.444370295000000137e+00 6.337532576880996744e-05
3.445571260999999996e+00 6.385945981670264413e-05
3.446772226999999855e+00 6.409612360516137529e-05
3.447973193000000158e+00 6.480641355318097411e-05
3.449174159000000017e+00 6.565486151436076450e-05
3.450375123999999794e+00 6.592035273980055001e-05
3.451576090000000097e+00 6.621633762033069057e-05
3.452777055999999956e+00 6.575756019005944751e-05
3.453978021999999815e+00 6.478011445557055000e-05
3.455178988000000118e+00 6.452635235394759913e-05
3.456379953999999977e+00 6.416888792943838994e-05
3.457580919999999836e+00 6.327462352122373854e-05
3.458781886000000139e+00 6.264078114354632769e-05
3.459982851999999998e+00 6.200162738006232137e-05
3.461183817999999857e+00 6.151029021777880358e-05
3.462384784000000160e+00 6.186900865322157196e-05
3.463585750000000019e+00 6.204639884759088171e-05
3.464786715999999878e+00 6.255400666443855712e-05
3.465987682000000181e+00 6.337843725476124989e-05
3.467188648000000040e+00 6.368569740578433787e-05
3.468389612999999816e+00 6.395300306692508008e-05
3.469590579000000119e+00 6.398137813844507224e-05
3.470791544999999978e+00 6.367378682574541195e-05
3.471992510999999837e+00 6.349398215406212311e-05
3.473193477000000140e+00 6.307961762988185982e-05
3.474394442999999999e+00 6.215818175220063464e-05
3.475595408999999858e+00 6.104695977717776196e-05
3.476796375000000161e+00 5.958716457559030158e-05
3.477997341000000020e+00 5.847494517360660697e-05
3.479198307000000323e+00 5.773817092012024238e-05
3.480399273000000182e+00 5.669285351144615618e-05
3.481600239000000041e+00 5.610505145327782854e-05
3.482801205000000344e+00 5.552790066786273174e-05
3.484002171000000203e+00 5.502849791336073823e-05
3.485203137000000062e+00 5.532560044005991917e-05
3.486404101999999838e+00 5.501981980655491300e-05
3.487605068000000141e+00 5.424198355280676300e-05
3.488806034000000000e+00 5.381820382689165644e-05
3.490006999999999859e+00 5.271510767689945308e-05
3.491207966000000162e+00 5.188705039452217317e-05
3.492408932000000021e+00 5.175722290582055059e-05
3.493609898000000324e+00 5.076328638160671728e-05
3.494810864000000183e+00 5.014401536429729747e-05
3.496011830000000042e+00 5.050862453542272461e-05
3.497212795999999901e+00 5.053085874932409800e-05
3.498413762000000204e+00 5.111485332527566683e-05
3.499614728000000063e+00 5.166702117438166383e-05
3.500815693999999922e+00 5.079265037151342349e-05
3.502016659999999781e+00 5.030172794281424070e-05
3.503217626000000084e+00 5.009238136288999188e-05
3.504418591000000305e+00 4.913908972847582095e-05
3.505619557000000164e+00 4.889889581362160390e-05
3.506820523000000023e+00 4.860856679725319475e-05
3.508021489000000326e+00 4.820273539164262472e-05
3.509222455000000629e+00 0.000000000000000000e+00
3.510423421000000932e+00 0.000000000000000000e+00
