# WAVELENGTH THROUGHPUT
9.682000122070312242e-01 0.000000000000000000e+00
9.692000122070312251e-01 0.000000000000000000e+00
9.702000122070312260e-01 5.077655304746889267e-06
9.712000122070312269e-01 6.027538794925794524e-06
9.722000122070312278e-01 7.002106704209759258e-06
9.732000122070312287e-01 7.979833975916805937e-06
9.742000122070312296e-01 8.880255596891697620e-06
9.752000122070312305e-01 9.762961927962643643e-06
9.762000122070312313e-01 1.066873486430923423e-05
9.772000122070312322e-01 1.178236195017378182e-05
9.782000122070312331e-01 1.321021347327989973e-05
9.792000122070312340e-01 1.516631385151538092e-05
9.802000122070312349e-01 1.778441549939826889e-05
9.812000122070312358e-01 2.132196318429844403e-05
9.822000122070312367e-01 2.611591241852062378e-05
9.832000122070312376e-01 3.248778480381358624e-05
9.842000122070312385e-01 4.071494299679219447e-05
9.852000122070312393e-01 5.121104449813701525e-05
9.862000122070312402e-01 6.401925799974885530e-05
9.872000122070312411e-01 7.934032139714911123e-05
9.882000122070312420e-01 9.723367078612272845e-05
9.892000122070312429e-01 1.176976187994946990e-04
9.902000122070312438e-01 1.409452654068421335e-04
9.912000122070312447e-01 1.668259859024321789e-04
9.922000122070312456e-01 1.960300143327326243e-04
9.932000122070312464e-01 2.293862362957713500e-04
9.942000122070312473e-01 2.684036271134773157e-04
9.952000122070312482e-01 3.149009709650821102e-04
9.962000122070312491e-01 3.726379201291836105e-04
9.972000122070312500e-01 4.465632432884533752e-04
9.982000122070312509e-01 1.318851269233234542e-02
9.992000122070312518e-01 2.744596704416640831e-02
1.000200012207031142e+00 4.342348395919355675e-02
1.001200012207031254e+00 4.838923691281050987e-02
1.002200012207031143e+00 5.429926019246728713e-02
1.003200012207031255e+00 6.034496887823009859e-02
1.004200012207031145e+00 6.786714203400727452e-02
1.005200012207031257e+00 7.618562942658285708e-02
1.006200012207031147e+00 8.699241330056810273e-02
1.007200012207031259e+00 9.914925523518976214e-02
1.008200012207031149e+00 1.129296676375372704e-01
1.009200012207031261e+00 1.282717406115196912e-01
1.010200012207031151e+00 1.445988475323701228e-01
1.011200012207031262e+00 1.624301080003291431e-01
1.012200012207031152e+00 1.803200198562604772e-01
1.013200012207031264e+00 1.986574452830688065e-01
1.014200012207031154e+00 2.149715693696315766e-01
1.015200012207031266e+00 2.290259771308753300e-01
1.016200012207031156e+00 2.391371725592386366e-01
1.017200012207031268e+00 2.463110484822709501e-01
1.018200012207031158e+00 2.498731161841950543e-01
1.019200012207031270e+00 2.516754074727471924e-01
1.020200012207031159e+00 2.516913631767494497e-01
1.021200012207031271e+00 2.519825870678847890e-01
1.022200012207031161e+00 2.514134106924330592e-01
1.023200012207031273e+00 2.512961150342870043e-01
1.024199951171874901e+00 2.506903875612214172e-01
1.025199951171875012e+00 2.510868096005121064e-01
1.026199951171874902e+00 2.513192232965784090e-01
1.027199951171875014e+00 2.523024325610464524e-01
1.028199951171874904e+00 2.534090913356719099e-01
1.029199951171875016e+00 2.545133314506726752e-01
1.030199951171874906e+00 2.560472183718764394e-01
1.031199951171875018e+00 2.575175123420493373e-01
1.032199951171874908e+00 2.599272476307410984e-01
1.033199951171875020e+00 2.614889458506955977e-01
1.034199951171874909e+00 2.641289018649370379e-01
1.035199951171875021e+00 2.660594178712282765e-01
1.036199951171874911e+00 2.679616347317873570e-01
1.037199951171875023e+00 2.683263227195822331e-01
1.038199951171874913e+00 2.703086937106878862e-01
1.039199951171875025e+00 2.717016082922344977e-01
1.040199951171874915e+00 2.736344616092271087e-01
1.041199951171875027e+00 2.739658114175855252e-01
1.042199951171874917e+00 2.750727787556533910e-01
1.043199951171875028e+00 2.754910524083400425e-01
1.044199951171874918e+00 2.761773453848792581e-01
1.045199951171875030e+00 2.767103354709297691e-01
1.046199951171874920e+00 2.779434601227599444e-01
1.047199951171875032e+00 2.789669132649180150e-01
1.048199951171874922e+00 2.798604614241336219e-01
1.049199951171875034e+00 2.806268352610499783e-01
1.050199951171874924e+00 2.814565476617639228e-01
1.051199951171875036e+00 2.827005491300541573e-01
1.052199951171874925e+00 2.836300271550734609e-01
1.053199951171875037e+00 2.844593833609626587e-01
1.054199951171874927e+00 2.854942684750624293e-01
1.055199951171875039e+00 2.856680826090140513e-01
1.056199951171874929e+00 2.859737126319682465e-01
1.057199951171875041e+00 2.855834956541576375e-01
1.058199951171874931e+00 2.858416474587229805e-01
1.059199951171875043e+00 2.856005305697283392e-01
1.060199951171874932e+00 2.846327921872290889e-01
1.061199951171875044e+00 2.837163819021905620e-01
1.062199951171874934e+00 2.823337193096147613e-01
1.063199951171875046e+00 2.806715906571644048e-01
1.064199951171874936e+00 2.792306169866675680e-01
1.065199951171875048e+00 2.778343350418814306e-01
1.066199951171874938e+00 2.766987073875732950e-01
1.067199951171875050e+00 2.744385078737386352e-01
1.068199951171874940e+00 2.726183199731058715e-01
1.069199951171875052e+00 2.702946077192178165e-01
1.070199951171874941e+00 2.680065908901154703e-01
1.071199951171875053e+00 2.660546276697491330e-01
1.072199951171874943e+00 2.640805580207799541e-01
1.073199951171875055e+00 2.627540810665848769e-01
1.074199951171874945e+00 2.609905707681393072e-01
1.075199951171875057e+00 2.599677829701651510e-01
1.076199951171874947e+00 2.593832700726624862e-01
1.077199951171875059e+00 2.588404804710838225e-01
1.078199951171874948e+00 2.589412101171041369e-01
1.079199951171875060e+00 2.584288948843023181e-01
1.080199951171874950e+00 2.588785296436383887e-01
1.081199951171875062e+00 2.595632402581636855e-01
1.082199951171874952e+00 2.605912173661306119e-01
1.083199951171875064e+00 2.610214097163914282e-01
1.084199951171874954e+00 2.621411313477680638e-01
1.085199951171875066e+00 2.630656546852521149e-01
1.086199951171874956e+00 2.648759880000832179e-01
1.087199951171875068e+00 2.659618553981342726e-01
1.088199951171874957e+00 2.681122710033449486e-01
1.089199951171875069e+00 2.699701669850811947e-01
1.090199951171874959e+00 2.726320818390443046e-01
1.091199951171875071e+00 2.750195631519742334e-01
1.092199951171874961e+00 2.776089183545636940e-01
1.093199951171875073e+00 2.799245685475578727e-01
1.094199951171874963e+00 2.823158097304200309e-01
1.095199951171875075e+00 2.847209006538918841e-01
1.096199951171874964e+00 2.864958460323137057e-01
1.097199951171875076e+00 2.892444084203206200e-01
1.098199951171874966e+00 2.916136898082002937e-01
1.099199951171875078e+00 2.939257229939759575e-01
1.100199951171874968e+00 2.946760923972742141e-01
1.101199951171875080e+00 2.957461237152090860e-01
1.102199951171874970e+00 2.969908202957701748e-01
1.103199951171875082e+00 2.983815277450062031e-01
1.104199951171874972e+00 2.989496676489945548e-01
1.105199951171875083e+00 3.000104452409892430e-01
1.106199951171874973e+00 3.004486185533578602e-01
1.107199951171875085e+00 3.007810254006239581e-01
1.108199951171874975e+00 3.003317195578687482e-01
1.109199951171875087e+00 3.000518942211900519e-01
1.110199951171874977e+00 3.005099637355668207e-01
1.111199951171875089e+00 3.004057341352581179e-01
1.112199951171874979e+00 3.005879250984432871e-01
1.113199951171875091e+00 3.001202205894591968e-01
1.114199951171874980e+00 3.000084560290551261e-01
1.115199951171875092e+00 2.995288050981089190e-01
1.116199951171874982e+00 2.985683925344464473e-01
1.117199951171875094e+00 2.978076367518945888e-01
1.118199951171874984e+00 2.968702097218886005e-01
1.119199951171875096e+00 2.962682907068602267e-01
1.120199951171874986e+00 2.961027206630939546e-01
1.121199951171875098e+00 2.952936020801364969e-01
1.122199951171874988e+00 2.946759958780465483e-01
1.123199951171875099e+00 2.933649405050727244e-01
1.124199951171874989e+00 2.933701229905003038e-01
1.125199951171875101e+00 2.930471282415999523e-01
1.126199951171874991e+00 2.935411896577398427e-01
1.127199951171875103e+00 2.937668051524110480e-01
1.128199951171874993e+00 2.947251238363458592e-01
1.129199951171875105e+00 2.951754017232336436e-01
1.130199951171874995e+00 2.957615807690449627e-01
1.131199951171875107e+00 2.962452538278327330e-01
1.132199951171874996e+00 2.975303600890285005e-01
1.133199951171875108e+00 2.983744293336658138e-01
1.134199951171874998e+00 2.994170176346346857e-01
1.135199951171875110e+00 3.000234366511450035e-01
1.136199951171875000e+00 3.012491613425783421e-01
1.137199951171874890e+00 3.027814375053601847e-01
1.138199951171875002e+00 3.036370072294116707e-01
1.139199951171874892e+00 3.052635833209297878e-01
1.140199951171875004e+00 3.060665177433533057e-01
1.141199951171874893e+00 3.080927802454352937e-01
1.142199951171875005e+00 3.103608882309933370e-01
1.143199951171874895e+00 3.129947402964797787e-01
1.144199951171875007e+00 3.158029669870389688e-01
1.145199951171874897e+00 3.181301929060444955e-01
1.146199951171875009e+00 3.198993591344525544e-01
1.147199951171874899e+00 3.215352052706870745e-01
1.148199951171875011e+00 3.230651913749650883e-01
1.149199951171874901e+00 3.255126746884503541e-01
1.150199951171875012e+00 3.274881666928508017e-01
1.151199951171874902e+00 3.295225196794833722e-01
1.152199951171875014e+00 3.314733877460522282e-01
1.153199951171874904e+00 3.329098830390441188e-01
1.154199951171875016e+00 3.345649957250345086e-01
1.155199951171874906e+00 3.362969899412387442e-01
1.156199951171875018e+00 3.383627915811575626e-01
1.157199951171874908e+00 3.404810784122412892e-01
1.158199951171875020e+00 3.422156646205506414e-01
1.159199951171874909e+00 3.448191949966456504e-01
1.160199951171875021e+00 3.457839777231203615e-01
1.161199951171874911e+00 3.476219175998996880e-01
1.162199951171875023e+00 3.486241253409163576e-01
1.163199951171874913e+00 3.506239382718444042e-01
1.164199951171875025e+00 3.516792462660607299e-01
1.165199951171874915e+00 3.528805663403421500e-01
1.166199951171875027e+00 3.539363346046356940e-01
1.167199951171874917e+00 3.552355987412869620e-01
1.168199951171875028e+00 3.558491838548541453e-01
1.169199951171874918e+00 3.565769948829517477e-01
1.170199951171875030e+00 3.572035953734082336e-01
1.171199951171874920e+00 3.576894803911143672e-01
1.172199951171875032e+00 3.583397234602144210e-01
1.173199951171874922e+00 3.585789951076140403e-01
1.174199951171875034e+00 3.591407899674832205e-01
1.175199951171874924e+00 3.595570346895928249e-01
1.176199951171875036e+00 3.594066332388735074e-01
1.177199951171874925e+00 3.598597153577393071e-01
1.178199951171875037e+00 3.595901950925737833e-01
1.179199951171874927e+00 3.594254780957316653e-01
1.180199951171875039e+00 3.590831578543260960e-01
1.181199951171874929e+00 3.594905178555329872e-01
1.182199951171875041e+00 3.600557669257693494e-01
1.183199951171874931e+00 3.596271280362277056e-01
1.184199951171875043e+00 3.590384902550192714e-01
1.185199951171874932e+00 3.583366604237810948e-01
1.186199951171875044e+00 3.577446375927549882e-01
1.187199951171874934e+00 3.562860176766499687e-01
1.188199951171875046e+00 3.556794185863831892e-01
1.189199951171874936e+00 3.557183552482859334e-01
1.190199951171875048e+00 3.560933979266149296e-01
1.191199951171874938e+00 3.552742766621496129e-01
1.192199951171875050e+00 3.533151920980676097e-01
1.193199951171874940e+00 3.525456758944592317e-01
1.194199951171875052e+00 3.515624175743954916e-01
1.195199951171874941e+00 3.505986213976070021e-01
1.196199951171875053e+00 3.491666608422574480e-01
1.197199951171874943e+00 3.485781467872520190e-01
1.198199951171875055e+00 3.480851363395516818e-01
1.199199951171874945e+00 3.476315473256174626e-01
1.200199951171875057e+00 3.470242307950190952e-01
1.201199951171874947e+00 3.470351333700329444e-01
1.202199951171875059e+00 3.469741808267414185e-01
1.203199951171874948e+00 3.461819205030720603e-01
1.204199951171875060e+00 3.463395237995706699e-01
1.205199951171874950e+00 3.461023583818069183e-01
1.206199951171875062e+00 3.459405355113481795e-01
1.207199951171874952e+00 3.457142115773875757e-01
1.208199951171875064e+00 3.455938490177002942e-01
1.209199951171874954e+00 3.466558997044956736e-01
1.210199951171875066e+00 3.463575386920035304e-01
1.211199951171874956e+00 3.471533394933304928e-01
1.212199951171875068e+00 3.469857098053247824e-01
1.213199951171874957e+00 3.482998625510590474e-01
1.214199951171875069e+00 3.486115987640235336e-01
1.215199951171874959e+00 3.496244231875076380e-01
1.216199951171875071e+00 3.496514406020403976e-01
1.217199951171874961e+00 3.501481046814612363e-01
1.218199951171875073e+00 3.514886521883197612e-01
1.219199951171874963e+00 3.526367305965280030e-01
1.220199951171875075e+00 3.538769386141022988e-01
1.221199951171874964e+00 3.550986741334222208e-01
1.222199951171875076e+00 3.568739510047053698e-01
1.223199951171874966e+00 3.586467379382441978e-01
1.224199951171875078e+00 3.598705161997380886e-01
1.225199951171874968e+00 3.612268655735682010e-01
1.226199951171875080e+00 3.628695872122283395e-01
1.227199951171874970e+00 3.649499662202349559e-01
1.228199951171875082e+00 3.665825561603257010e-01
1.229199951171874972e+00 3.678983710362289661e-01
1.230199951171875083e+00 3.697403577629289062e-01
1.231199951171874973e+00 3.708771804683300699e-01
1.232199951171875085e+00 3.727031666986921898e-01
1.233199951171874975e+00 3.733099798670420633e-01
1.234199951171875087e+00 3.749469813715048394e-01
1.235199951171874977e+00 3.758530876973555923e-01
1.236199951171875089e+00 3.767305391366059797e-01
1.237199951171874979e+00 3.770888654130822859e-01
1.238199951171875091e+00 3.777393748339167301e-01
1.239199951171874980e+00 3.779695763029814470e-01
1.240199951171875092e+00 3.791463741770317863e-01
1.241199951171874982e+00 3.797964156623713783e-01
1.242199951171875094e+00 3.813396608947068334e-01
1.243199951171874984e+00 3.820657220397847276e-01
1.244199951171875096e+00 3.835165979888937038e-01
1.245199951171874986e+00 3.844734151816858181e-01
1.246199951171875098e+00 3.853237077887035622e-01
1.247199951171874988e+00 3.855010655790007679e-01
1.248199951171875099e+00 3.861774376793955521e-01
1.249199951171874989e+00 3.872830533946464704e-01
1.250199951171875101e+00 3.878678954472603024e-01
1.251199951171874991e+00 3.894113439186885905e-01
1.252199951171875103e+00 3.903814536799053436e-01
1.253199951171874993e+00 3.913342057966075482e-01
1.254199951171875105e+00 3.912280342042417369e-01
1.255199951171874995e+00 3.910266198910750668e-01
1.256199951171875107e+00 3.912960415410242643e-01
1.257199951171874996e+00 3.922531003643855430e-01
1.258199951171875108e+00 3.923385811085920438e-01
1.259199951171874998e+00 3.925439178263284701e-01
1.260199951171875110e+00 3.923816296983850815e-01
1.261199951171875000e+00 3.928637081349302673e-01
1.262199951171874890e+00 3.931134547939246215e-01
1.263199951171875002e+00 3.930508369776759547e-01
1.264199951171874892e+00 3.930568429848529388e-01
1.265199951171875004e+00 3.933990402151898436e-01
1.266199951171874893e+00 3.926772588843290279e-01
1.267199951171875005e+00 3.929466662359861195e-01
1.268199951171874895e+00 3.926415637767663447e-01
1.269199951171875007e+00 3.925469385904110098e-01
1.270199951171874897e+00 3.905033125374371417e-01
1.271199951171875009e+00 3.874405350369789502e-01
1.272199951171874899e+00 3.822869830978865568e-01
1.273199951171875011e+00 3.763818448893300195e-01
1.274199951171874901e+00 3.672215738998778622e-01
1.275199951171875012e+00 3.551191574491557867e-01
1.276199951171874902e+00 3.380462345871380614e-01
1.277199951171875014e+00 3.175708050982395392e-01
1.278199951171874904e+00 2.926949356977964212e-01
1.279199951171875016e+00 2.650999989682013003e-01
1.280199951171874906e+00 2.356983454428434044e-01
1.281199951171875018e+00 2.066290196897906939e-01
1.282199951171874908e+00 1.793330477966207370e-01
1.283199951171875020e+00 1.549418927642597643e-01
1.284199951171874909e+00 1.334427884659475372e-01
1.285199951171875021e+00 1.149253404777851456e-01
1.286199951171874911e+00 9.840563088327641816e-02
1.287199951171875023e+00 8.456506822566102477e-02
1.288199951171874913e+00 7.242591537706277727e-02
1.289199951171875025e+00 6.285949190072315229e-02
1.290199951171874915e+00 5.460752424878666245e-02
1.291199951171875027e+00 4.789949905982252704e-02
1.292199951171874917e+00 4.178942264279549013e-02
1.293199951171875028e+00 3.699645770520420401e-02
1.294199951171874918e+00 3.264973013586658368e-02
1.295199951171875030e+00 2.908507475120979818e-02
1.296199951171874920e+00 2.543533813129045945e-02
1.297199951171875032e+00 2.185201561455804922e-02
1.298199951171874922e+00 1.818224418500101469e-02
1.299199951171875034e+00 1.489038263390195238e-02
1.300199951171874924e+00 1.213128702463199537e-02
1.301199951171875036e+00 9.829760931332158849e-03
1.302199951171874925e+00 7.967649496908866744e-03
1.303199951171875037e+00 6.457808596143047898e-03
1.304199951171874927e+00 5.265149789306328848e-03
1.305199951171875039e+00 4.287139983465623749e-03
1.306199951171874929e+00 3.495305595246577923e-03
1.307199951171875041e+00 2.858313954604687745e-03
1.308199951171874931e+00 2.353631007244567051e-03
1.309199951171875043e+00 1.954040664266454980e-03
1.310199951171874932e+00 1.628327843514985017e-03
1.311199951171875044e+00 1.360878477733185304e-03
1.312199951171874934e+00 1.141835098617234286e-03
1.313199951171875046e+00 9.649742574244473802e-04
1.314199951171874936e+00 8.160909587957934121e-04
1.315199951171875048e+00 6.929523966513001726e-04
1.316199951171874938e+00 5.889891746464248666e-04
1.317199951171875050e+00 5.030787906518258135e-04
1.318199951171874940e+00 4.312292579898120096e-04
1.319199951171875052e+00 3.703666586778136920e-04
1.320199951171874941e+00 3.184049301346267595e-04
1.321199951171875053e+00 2.754846585445842552e-04
1.322199951171874943e+00 2.393543616389127711e-04
1.323199951171875055e+00 2.090022766325067938e-04
1.324199951171874945e+00 1.821902924681162829e-04
1.325199951171875057e+00 1.589101735661225287e-04
1.326199951171874947e+00 1.397804691227417585e-04
1.327199951171875059e+00 1.230091642811394876e-04
1.328199951171874948e+00 1.087204469437978922e-04
1.329199951171875060e+00 9.535821207320074725e-05
1.330199951171874950e+00 8.492399287199927066e-05
1.331199951171875062e+00 7.555976240297782595e-05
1.332199951171874952e+00 6.765996715014830850e-05
1.333199951171875064e+00 6.035488395060167210e-05
1.334199951171874954e+00 5.426020749155592500e-05
1.335199951171875066e+00 4.850810628052812390e-05
1.336199951171874956e+00 4.362317605917690014e-05
1.337199951171875068e+00 3.936859646635512108e-05
1.338199951171874957e+00 3.565140714357684966e-05
1.339199951171875069e+00 3.229241029016159529e-05
1.340199951171874959e+00 2.936070789182347769e-05
1.341199951171875071e+00 2.690232807884387469e-05
1.342199951171874961e+00 2.479597021592062689e-05
1.343199951171875073e+00 2.290465873232952723e-05
1.344199951171874963e+00 2.127877988535579711e-05
1.345199951171875075e+00 1.945881263830949424e-05
1.346199951171874964e+00 1.762596129248345515e-05
1.347199951171875076e+00 1.639815555170076665e-05
1.348199951171874966e+00 1.514515443998016775e-05
1.349199951171875078e+00 1.383368175128441988e-05
1.350199951171874968e+00 1.251941436774687306e-05
1.351199951171875080e+00 1.185726199110778054e-05
1.352199951171874970e+00 1.099413888074816124e-05
1.353199951171875082e+00 1.040102278638349024e-05
1.354199951171874972e+00 9.192813186440108655e-06
1.355199951171874861e+00 0.000000000000000000e+00
1.356199951171874973e+00 0.000000000000000000e+00
