# WAVELENGTH THROUGHPUT
1.685400024414062781e+00 0.000000000000000000e+00
1.686400024414062893e+00 0.000000000000000000e+00
1.687400024414062560e+00 8.017056971972917026e-05
1.688400024414062450e+00 8.702230267909132576e-05
1.689400024414062562e+00 9.488626766298532175e-05
1.690400024414062452e+00 1.019014270958963679e-04
1.691400024414062564e+00 1.111222194289372169e-04
1.692400024414062454e+00 1.215899199407726247e-04
1.693400024414062566e+00 1.331472123351776433e-04
1.694400024414062456e+00 1.461387272280356329e-04
1.695400024414062568e+00 1.602793541591747124e-04
1.696400024414062457e+00 1.763779240702411386e-04
1.697400024414062569e+00 1.956743144411157882e-04
1.698400024414062459e+00 2.157236899425044355e-04
1.699400024414062571e+00 2.413292323177477279e-04
1.700400024414062461e+00 2.696080253419583608e-04
1.701400024414062573e+00 3.006464638838371125e-04
1.702400024414062463e+00 3.393775558464229530e-04
1.703400024414062575e+00 3.810697769005679057e-04
1.704400024414062464e+00 4.291255490852745715e-04
1.705400024414062576e+00 4.846656190784501337e-04
1.706400024414062466e+00 5.477893221594921404e-04
1.707400024414062578e+00 6.193111469714340398e-04
1.708400024414062468e+00 6.993133094881203706e-04
1.709400024414062580e+00 7.915339378987597133e-04
1.710400024414062470e+00 8.968100966388265535e-04
1.711400024414062582e+00 1.012152812566155741e-03
1.712400024414062472e+00 1.146829407312481520e-03
1.713400024414062583e+00 1.298742960734350230e-03
1.714400024414062473e+00 1.465655503586479110e-03
1.715400024414062585e+00 1.656491698669097356e-03
1.716400024414062475e+00 1.879850275695649654e-03
1.717400024414062587e+00 2.125841702938989844e-03
1.718400024414062477e+00 2.414600181842234232e-03
1.719400024414062589e+00 2.752020198912246036e-03
1.720400024414062479e+00 3.124799520799872998e-03
1.721400024414062591e+00 3.558293047448587727e-03
1.722400024414062480e+00 4.063946855958073222e-03
1.723400024414062592e+00 4.646604116956241926e-03
1.724400024414062482e+00 5.331102597803304144e-03
1.725400024414062594e+00 6.150613258772746374e-03
1.726400024414062484e+00 7.101866934877050855e-03
1.727400024414062596e+00 8.224104364810013237e-03
1.728400024414062486e+00 9.558590641318046033e-03
1.729400024414062598e+00 1.118717396782840587e-02
1.730400024414062488e+00 1.307449432842455739e-02
1.731400024414062599e+00 1.536401811340742073e-02
1.732400024414062489e+00 1.812130949712601607e-02
1.733400024414062601e+00 2.112751072664571794e-02
1.734400024414062491e+00 2.445158098954180667e-02
1.735400024414062603e+00 2.782138241294694267e-02
1.736400024414062493e+00 3.139165044245804947e-02
1.737400024414062605e+00 3.509282696584541811e-02
1.738400024414062495e+00 3.943013265110231758e-02
1.739400024414062607e+00 4.389058949847228497e-02
1.740400024414062496e+00 4.892121609927495979e-02
1.741400024414062608e+00 5.457227978046837874e-02
1.742400024414062498e+00 6.054317845201097337e-02
1.743400024414062610e+00 6.722559996344616706e-02
1.744400024414062500e+00 7.471480303012434376e-02
1.745400024414062390e+00 8.350454384333090563e-02
1.746400024414062502e+00 9.334648194463572579e-02
1.747400024414062392e+00 1.050928951242826315e-01
1.748400024414062504e+00 1.188735161991010952e-01
1.749400024414062393e+00 1.347515542073210448e-01
1.750400024414062505e+00 1.531917184511448482e-01
1.751400024414062395e+00 1.736041267258642273e-01
1.752400024414062507e+00 1.946374835434332429e-01
1.753400024414062397e+00 2.174663448130934318e-01
1.754400024414062509e+00 2.403705411168188255e-01
1.755400024414062399e+00 2.635029362484901938e-01
1.756400024414062511e+00 2.861470297756137926e-01
1.757400024414062401e+00 3.079074604010237914e-01
1.758400024414062290e+00 3.271434645118823092e-01
1.759400024414062402e+00 3.450508743008348089e-01
1.760400024414062292e+00 3.610196432236894570e-01
1.761400024414062404e+00 3.755721499759764881e-01
1.762400024414062294e+00 3.891313623628383511e-01
1.763400024414062406e+00 4.023094892786150401e-01
1.764400024414062296e+00 4.140401740227884764e-01
1.765400024414062408e+00 4.253940543382017103e-01
1.766400024414062297e+00 4.360538139163748772e-01
1.767400024414062409e+00 4.457609083043592157e-01
1.768400024414062299e+00 4.553489744503564918e-01
1.769400024414062411e+00 4.642053584843869873e-01
1.770400024414062301e+00 4.724600441752149216e-01
1.771400024414062413e+00 4.791457780629653773e-01
1.772400024414062303e+00 4.850321589818360479e-01
1.773400024414062415e+00 4.898277443210100057e-01
1.774400024414062305e+00 4.935274883289597625e-01
1.775400024414062417e+00 4.967180089313363300e-01
1.776400024414062306e+00 4.980087948587521018e-01
1.777400024414062418e+00 4.999171405393409984e-01
1.778400024414062308e+00 5.000816425467559112e-01
1.779400024414062420e+00 5.013810637708917550e-01
1.780400024414062310e+00 5.022406205671364754e-01
1.781400024414062422e+00 5.024916700833880201e-01
1.782400024414062312e+00 5.031437613690210586e-01
1.783400024414062424e+00 5.031401410875014912e-01
1.784400024414062313e+00 5.034828400954657335e-01
1.785400024414062425e+00 5.043034678398038428e-01
1.786400024414062315e+00 5.046536642507635229e-01
1.787400024414062427e+00 5.053628733105269832e-01
1.788400024414062317e+00 5.067116382291375620e-01
1.789400024414062429e+00 5.072035529873567539e-01
1.790400024414062319e+00 5.077304290625759275e-01
1.791400024414062431e+00 5.081224811066357150e-01
1.792400024414062321e+00 5.082907132570324560e-01
1.793400024414062432e+00 5.080225363300256980e-01
1.794400024414062322e+00 5.081216491252964484e-01
1.795400024414062434e+00 5.069362669417933898e-01
1.796400024414062324e+00 5.061560180918479590e-01
1.797400024414062436e+00 5.046862814580612699e-01
1.798400024414062326e+00 5.032317308093173791e-01
1.799400024414062438e+00 5.022452719259197229e-01
1.800400024414062328e+00 5.006173786896683797e-01
1.801400024414062440e+00 4.995253342335231328e-01
1.802400024414062329e+00 4.977806690720130156e-01
1.803400024414062441e+00 4.962516986131259022e-01
1.804400024414062331e+00 4.943761324812162017e-01
1.805400024414062443e+00 4.926444121792120656e-01
1.806400024414062333e+00 4.915344151641761750e-01
1.807400024414062445e+00 4.910174335154219305e-01
1.808400024414062335e+00 4.903051960414230304e-01
1.809400024414062447e+00 4.897420209275678005e-01
1.810400024414062337e+00 4.895176238455041240e-01
1.811400024414062448e+00 4.885955168082478650e-01
1.812400024414062338e+00 4.893862242185964551e-01
1.813400024414062450e+00 4.895425443035540392e-01
1.814400024414062340e+00 4.904328864900205365e-01
1.815400024414062452e+00 4.912552960408256841e-01
1.816400024414062342e+00 4.916833783715874318e-01
1.817400024414062454e+00 4.925832034811429283e-01
1.818400024414062344e+00 4.941138610503607587e-01
1.819400024414062456e+00 4.951667465164197313e-01
1.820400024414062345e+00 4.958373238518929416e-01
1.821400024414062457e+00 4.973225737836663995e-01
1.822400024414062347e+00 4.988107489985369458e-01
1.823400024414062459e+00 4.991822962429933730e-01
1.824400024414062349e+00 5.015220042611896467e-01
1.825400024414062461e+00 5.028034102521787840e-01
1.826400024414062351e+00 5.039361069773506951e-01
1.827400024414062463e+00 5.046844362168342313e-01
1.828400024414062353e+00 5.052242096733231547e-01
1.829400024414062464e+00 5.059946743799856872e-01
1.830400024414062354e+00 5.075814398194353760e-01
1.831400024414062466e+00 5.078400606916377846e-01
1.832400024414062356e+00 5.092207598658856638e-01
1.833400024414062468e+00 5.097388552739188228e-01
1.834400024414062358e+00 5.097793929814711245e-01
1.835400024414062470e+00 5.099005273146982598e-01
1.836400024414062360e+00 5.113240222608148589e-01
1.837400024414062472e+00 5.112974884913391582e-01
1.838400024414062361e+00 5.116361105975415491e-01
1.839400024414062473e+00 5.115308141177680179e-01
1.840400024414062363e+00 5.119308809147732342e-01
1.841400024414062475e+00 5.113850462236015915e-01
1.842400024414062365e+00 5.116798988796222858e-01
1.843400024414062477e+00 5.115410234957480373e-01
1.844400024414062367e+00 5.112658476463270985e-01
1.845400024414062479e+00 5.113156035711385883e-01
1.846400024414062369e+00 5.102033638903638035e-01
1.847400024414062480e+00 5.094691439395035992e-01
1.848400024414062370e+00 5.095848191332441601e-01
1.849400024414062482e+00 5.084725751701484331e-01
1.850400024414062372e+00 5.073972468582168549e-01
1.851400024414062484e+00 5.068959141300701798e-01
1.852400024414062374e+00 5.067439066517701596e-01
1.853400024414062486e+00 5.060974138263192312e-01
1.854400024414062376e+00 5.044166988753874259e-01
1.855400024414062488e+00 5.039384355055038789e-01
1.856400024414062377e+00 5.030990227585989683e-01
1.857400024414062489e+00 5.035199045431181242e-01
1.858400024414062379e+00 5.028728958789060455e-01
1.859400024414062491e+00 5.022568104312463699e-01
1.860400024414062381e+00 5.017530542681563066e-01
1.861400024414062493e+00 5.011553702780492392e-01
1.862400024414062383e+00 5.004279136348565027e-01
1.863400024414062495e+00 5.000842623483140459e-01
1.864400024414062385e+00 4.993389774776342271e-01
1.865400024414062496e+00 4.998430617340807736e-01
1.866400024414062386e+00 5.001904128094507573e-01
1.867400024414062498e+00 4.998615123271462624e-01
1.868400024414062388e+00 5.002715023759158885e-01
1.869400024414062500e+00 5.006671131281248410e-01
1.870400024414062390e+00 5.014172193773959174e-01
1.871400024414062502e+00 5.021221749130156953e-01
1.872400024414062392e+00 5.028638806957242968e-01
1.873400024414062504e+00 5.037863320703434011e-01
1.874400024414062393e+00 5.046020982247299003e-01
1.875400024414062505e+00 5.051828093869195069e-01
1.876400024414062395e+00 5.063205992806736333e-01
1.877400024414062507e+00 5.064184845476753516e-01
1.878400024414062397e+00 5.068656152685759864e-01
1.879400024414062509e+00 5.072307168610158401e-01
1.880400024414062399e+00 5.083736216638785610e-01
1.881400024414062511e+00 5.089448398907356896e-01
1.882400024414062401e+00 5.095272723323311936e-01
1.883400024414062290e+00 5.100569186198937732e-01
1.884400024414062402e+00 5.109915796890015516e-01
1.885400024414062292e+00 5.116948369913989492e-01
1.886400024414062404e+00 5.124563064013661906e-01
1.887400024414062294e+00 5.128595617782636396e-01
1.888400024414062406e+00 5.128828780504188778e-01
1.889400024414062296e+00 5.139488045429985164e-01
1.890400024414062408e+00 5.141704750116893319e-01
1.891400024414062297e+00 5.141119280817234571e-01
1.892400024414062409e+00 5.137052545790861124e-01
1.893400024414062299e+00 5.137119510927192767e-01
1.894400024414062411e+00 5.142474922835440498e-01
1.895400024414062301e+00 5.148093305840033551e-01
1.896400024414062413e+00 5.152640328087071397e-01
1.897400024414062303e+00 5.155878131382524154e-01
1.898400024414062415e+00 5.157675462933434263e-01
1.899400024414062305e+00 5.160387144078792954e-01
1.900400024414062417e+00 5.159549199039117351e-01
1.901400024414062306e+00 5.159555562662543338e-01
1.902400024414062418e+00 5.169015673548729151e-01
1.903400024414062308e+00 5.169575131174368732e-01
1.904400024414062420e+00 5.167704849231322672e-01
1.905400024414062310e+00 5.172688879241131854e-01
1.906400024414062422e+00 5.172999276493535081e-01
1.907400024414062312e+00 5.171429079817567720e-01
1.908400024414062424e+00 5.173037735549176341e-01
1.909400024414062313e+00 5.173691910985698250e-01
1.910400024414062425e+00 5.178463935426574904e-01
1.911400024414062315e+00 5.177156830853288927e-01
1.912400024414062427e+00 5.179712717267910271e-01
1.913400024414062317e+00 5.183308235379753270e-01
1.914400024414062429e+00 5.192626142632689179e-01
1.915400024414062319e+00 5.184752984125363673e-01
1.916400024414062431e+00 5.179813772369157299e-01
1.917400024414062321e+00 5.182884223053957351e-01
1.918400024414062432e+00 5.182739527691717640e-01
1.919400024414062322e+00 5.181607426688956686e-01
1.920400024414062434e+00 5.174130993904020315e-01
1.921400024414062324e+00 5.171065881467924452e-01
1.922400024414062436e+00 5.178154360057480865e-01
1.923400024414062326e+00 5.166657649136863206e-01
1.924400024414062438e+00 5.163734634661663048e-01
1.925400024414062328e+00 5.159517951130676572e-01
1.926400024414062440e+00 5.152507815739435504e-01
1.927400024414062329e+00 5.144267502177878315e-01
1.928400024414062441e+00 5.135225041899983411e-01
1.929400024414062331e+00 5.135090730793168134e-01
1.930400024414062443e+00 5.132286171612430170e-01
1.931400024414062333e+00 5.123519274240192489e-01
1.932400024414062445e+00 5.119621983194043713e-01
1.933400024414062335e+00 5.112782896329635118e-01
1.934400024414062447e+00 5.099775253782455886e-01
1.935400024414062337e+00 5.096369054169593849e-01
1.936400024414062448e+00 5.089109813326861964e-01
1.937400024414062338e+00 5.082101325775151279e-01
1.938400024414062450e+00 5.077769703413533842e-01
1.939400024414062340e+00 5.073739582017456895e-01
1.940400024414062452e+00 5.073388059807812933e-01
1.941400024414062342e+00 5.072560802739229935e-01
1.942400024414062454e+00 5.074377749473278909e-01
1.943400024414062344e+00 5.083025360216526511e-01
1.944400024414062456e+00 5.087448494471461524e-01
1.945400024414062345e+00 5.090214425409600452e-01
1.946400024414062457e+00 5.091462477653413421e-01
1.947400024414062347e+00 5.094324156336145215e-01
1.948400024414062459e+00 5.100643853460143928e-01
1.949400024414062349e+00 5.103255423951689185e-01
1.950400024414062461e+00 5.109947524606456293e-01
1.951400024414062351e+00 5.112217587973610922e-01
1.952400024414062463e+00 5.115209800552884545e-01
1.953400024414062353e+00 5.123972906350592327e-01
1.954400024414062464e+00 5.125165910336224595e-01
1.955400024414062354e+00 5.128117745865876653e-01
1.956400024414062466e+00 5.133559017854166795e-01
1.957400024414062356e+00 5.139226129261792453e-01
1.958400024414062468e+00 5.140056904642458235e-01
1.959400024414062358e+00 5.136078849413061587e-01
1.960400024414062470e+00 5.142794700508761530e-01
1.961400024414062360e+00 5.144034087353254181e-01
1.962400024414062472e+00 5.143342330051610123e-01
1.963400024414062361e+00 5.140456988788347781e-01
1.964400024414062473e+00 5.144404106704589807e-01
1.965400024414062363e+00 5.141905074477673976e-01
1.966400024414062475e+00 5.139119763334242252e-01
1.967400024414062365e+00 5.137406101312397277e-01
1.968400024414062477e+00 5.135097490424580524e-01
1.969400024414062367e+00 5.133773506088695759e-01
1.970400024414062479e+00 5.124047682693900763e-01
1.971400024414062369e+00 5.133626415905724327e-01
1.972400024414062480e+00 5.133772520380844862e-01
1.973400024414062370e+00 5.123056754063961549e-01
1.974400024414062482e+00 5.121745483896681383e-01
1.975400024414062372e+00 5.119833817959847932e-01
1.976400024414062484e+00 5.120339375465529086e-01
1.977400024414062374e+00 5.122874499963048223e-01
1.978400024414062486e+00 5.122471725349722060e-01
1.979400024414062376e+00 5.119743001396824811e-01
1.980400024414062488e+00 5.121628373086054564e-01
1.981400024414062377e+00 5.117960659807974100e-01
1.982400024414062489e+00 5.119844242349523844e-01
1.983400024414062379e+00 5.121874646556443533e-01
1.984400024414062491e+00 5.124129536036685639e-01
1.985400024414062381e+00 5.118377558204191269e-01
1.986400024414062493e+00 5.123397427024003470e-01
1.987400024414062383e+00 5.126663570695911831e-01
1.988400024414062495e+00 5.130873991234931042e-01
1.989400024414062385e+00 5.132235234834983117e-01
1.990400024414062496e+00 5.134903607668379610e-01
1.991400024414062386e+00 5.131235586322019371e-01
1.992400024414062498e+00 5.126861985788336851e-01
1.993400024414062388e+00 5.130554749688026606e-01
1.994400024414062500e+00 5.118116189292540863e-01
1.995400024414062390e+00 5.107850077867955862e-01
1.996400024414062502e+00 5.081422076615917938e-01
1.997400024414062392e+00 5.069624579001351661e-01
1.998400024414062504e+00 5.082691005762371983e-01
1.999400024414062393e+00 5.102081074052216003e-01
2.000400024414062283e+00 5.118482578896687007e-01
2.001400024414062617e+00 5.118975591698559091e-01
2.002400024414062507e+00 5.132579052322954194e-01
2.003400024414062397e+00 5.143785855247917649e-01
2.004400024414062287e+00 5.143652742151730850e-01
2.005400024414062621e+00 5.137186523839943897e-01
2.006400024414062511e+00 5.134535920560074906e-01
2.007400024414062401e+00 5.129328054287407568e-01
2.008400024414062290e+00 5.125736142758621217e-01
2.009400024414062180e+00 5.125278211735267986e-01
2.010400024414062514e+00 5.127429457739520746e-01
2.011400024414062404e+00 5.124332253772193591e-01
2.012400024414062294e+00 5.130841797420676587e-01
2.013400024414062184e+00 5.123402660299649636e-01
2.014400024414062518e+00 5.128821094260814784e-01
2.015400024414062408e+00 5.137253807283970186e-01
2.016400024414062297e+00 5.140489307132113384e-01
2.017400024414062187e+00 5.142112212131729754e-01
2.018400024414062521e+00 5.150362709475615475e-01
2.019400024414062411e+00 5.151067266487161511e-01
2.020400024414062301e+00 5.154093467182481181e-01
2.021400024414062191e+00 5.144558575728526151e-01
2.022400024414062525e+00 5.157226031247701403e-01
2.023400024414062415e+00 5.164300431649208045e-01
2.024400024414062305e+00 5.170459713605021213e-01
2.025400024414062194e+00 5.184157395406818747e-01
2.026400024414062528e+00 5.188819617899507186e-01
2.027400024414062418e+00 5.185752543962710570e-01
2.028400024414062308e+00 5.193942731946161739e-01
2.029400024414062198e+00 5.194986918074527837e-01
2.030400024414062532e+00 5.200189739145399948e-01
2.031400024414062422e+00 5.202932707427726511e-01
2.032400024414062312e+00 5.203887140865357530e-01
2.033400024414062202e+00 5.205933466820177324e-01
2.034400024414062536e+00 5.204372972133475272e-01
2.035400024414062425e+00 5.206358550014709152e-01
2.036400024414062315e+00 5.200830101975560948e-01
2.037400024414062205e+00 5.202058265323283859e-01
2.038400024414062539e+00 5.199411448590991469e-01
2.039400024414062429e+00 5.199224488137877964e-01
2.040400024414062319e+00 5.194036673986790476e-01
2.041400024414062653e+00 5.180594064587742409e-01
2.042400024414062543e+00 5.180721160619798926e-01
2.043400024414062432e+00 5.169964399395068355e-01
2.044400024414062322e+00 5.157147698304471728e-01
2.045400024414062656e+00 5.153125306708699060e-01
2.046400024414062546e+00 5.135097413321751958e-01
2.047400024414062436e+00 5.129655663313801295e-01
2.048399902343749801e+00 5.120418366370835805e-01
2.049399902343750135e+00 5.114416904509614392e-01
2.050399902343750025e+00 5.108549173974488156e-01
2.051399902343749915e+00 5.105058458031251911e-01
2.052399902343749805e+00 5.094549325830187714e-01
2.053399902343750139e+00 5.090554862019274207e-01
2.054399902343750028e+00 5.091156953862606693e-01
2.055399902343749918e+00 5.089415415765529138e-01
2.056399902343749808e+00 5.082682912224046889e-01
2.057399902343750142e+00 5.083592123340672231e-01
2.058399902343750032e+00 5.086019689131994204e-01
2.059399902343749922e+00 5.087264722338176171e-01
2.060399902343749812e+00 5.089169154160356756e-01
2.061399902343750146e+00 5.093148707075501047e-01
2.062399902343750036e+00 5.099880143848321001e-01
2.063399902343749925e+00 5.110994743012394759e-01
2.064399902343749815e+00 5.115754022570044857e-01
2.065399902343750149e+00 5.120948337716202392e-01
2.066399902343750039e+00 5.129685144657403217e-01
2.067399902343749929e+00 5.141635465276537253e-01
2.068399902343749819e+00 5.153459970303415627e-01
2.069399902343750153e+00 5.159419923604237068e-01
2.070399902343750043e+00 5.169505919251771164e-01
2.071399902343749932e+00 5.181419186334383920e-01
2.072399902343749822e+00 5.188801806085364676e-01
2.073399902343750156e+00 5.208811851490047218e-01
2.074399902343750046e+00 5.213968763309086984e-01
2.075399902343749936e+00 5.218743731979945677e-01
2.076399902343749826e+00 5.224595480634165456e-01
2.077399902343750160e+00 5.230794884734084604e-01
2.078399902343750050e+00 5.234588118557780279e-01
2.079399902343749940e+00 5.239996569501434998e-01
2.080399902343749829e+00 5.239258825630936922e-01
2.081399902343750163e+00 5.237488629528310735e-01
2.082399902343750053e+00 5.245906565655440446e-01
2.083399902343749943e+00 5.241033072324844388e-01
2.084399902343749833e+00 5.247844771206986447e-01
2.085399902343750167e+00 5.245128556716284196e-01
2.086399902343750057e+00 5.250210772445172980e-01
2.087399902343749947e+00 5.249148203995579465e-01
2.088399902343749837e+00 5.246501984729444734e-01
2.089399902343750171e+00 5.235544062073760330e-01
2.090399902343750060e+00 5.233764177913909910e-01
2.091399902343749950e+00 5.219592770408524318e-01
2.092399902343749840e+00 5.215198140529804238e-01
2.093399902343750174e+00 5.217447437026327961e-01
2.094399902343750064e+00 5.213486092106700553e-01
2.095399902343749954e+00 5.210967549946587951e-01
2.096399902343749844e+00 5.203763081990590011e-01
2.097399902343750178e+00 5.202587861146058534e-01
2.098399902343750068e+00 5.201204096482977546e-01
2.099399902343749957e+00 5.201028679819925671e-01
2.100399902343749847e+00 5.185747453414613073e-01
2.101399902343750181e+00 5.190394345266986509e-01
2.102399902343750071e+00 5.181698966854262345e-01
2.103399902343749961e+00 5.187555695121386368e-01
2.104399902343749851e+00 5.188318067980424164e-01
2.105399902343750185e+00 5.184597975150928573e-01
2.106399902343750075e+00 5.181505453929492466e-01
2.107399902343749964e+00 5.175761340263048682e-01
2.108399902343749854e+00 5.173344215094810572e-01
2.109399902343750188e+00 5.164281298227818562e-01
2.110399902343750078e+00 5.170187244556893047e-01
2.111399902343749968e+00 5.162936926910868252e-01
2.112399902343749858e+00 5.163242644431728090e-01
2.113399902343750192e+00 5.157223880230432655e-01
2.114399902343750082e+00 5.161029182439746954e-01
2.115399902343749972e+00 5.153031018062130819e-01
2.116399902343749861e+00 5.150638043439406122e-01
2.117399902343750195e+00 5.148695338616798844e-01
2.118399902343750085e+00 5.148764031700652222e-01
2.119399902343749975e+00 5.143719532177063458e-01
2.120399902343749865e+00 5.137593340841751788e-01
2.121399902343750199e+00 5.132650232253320732e-01
2.122399902343750089e+00 5.126042024690111720e-01
2.123399902343749979e+00 5.124679413747179613e-01
2.124399902343749869e+00 5.115987142139171162e-01
2.125399902343750203e+00 5.111737638556200780e-01
2.126399902343750092e+00 5.105531333473398714e-01
2.127399902343749982e+00 5.106527373421627658e-01
2.128399902343749872e+00 5.095741144377523568e-01
2.129399902343750206e+00 5.102218475875197612e-01
2.130399902343750096e+00 5.090819806130405523e-01
2.131399902343749986e+00 5.085571099579129228e-01
2.132399902343749876e+00 5.090356833831488625e-01
2.133399902343750210e+00 5.086140202229691987e-01
2.134399902343750099e+00 5.088932001711208297e-01
2.135399902343749989e+00 5.081234112408886672e-01
2.136399902343749879e+00 5.083955767218507615e-01
2.137399902343750213e+00 5.081062556770373773e-01
2.138399902343750103e+00 5.080170180677390235e-01
2.139399902343749993e+00 5.083334249748425737e-01
2.140399902343749883e+00 5.087646574682584966e-01
2.141399902343750217e+00 5.085441454106212067e-01
2.142399902343750107e+00 5.099820746068235433e-01
2.143399902343749996e+00 5.097881504289565324e-01
2.144399902343749886e+00 5.105224773837906405e-01
2.145399902343750220e+00 5.112374974691423768e-01
2.146399902343750110e+00 5.113048143097833620e-01
2.147399902343750000e+00 5.115575715388017697e-01
2.148399902343749890e+00 5.119149988070011981e-01
2.149399902343749780e+00 5.113328856129476518e-01
2.150399902343750114e+00 5.123339590191716697e-01
2.151399902343750004e+00 5.117137538551095322e-01
2.152399902343749893e+00 5.121165216054870406e-01
2.153399902343749783e+00 5.112416512681993153e-01
2.154399902343750117e+00 5.116412616807858305e-01
2.155399902343750007e+00 5.108730630180062793e-01
2.156399902343749897e+00 5.108047417799695955e-01
2.157399902343749787e+00 5.102733503806814452e-01
2.158399902343750121e+00 5.101413731531146967e-01
2.159399902343750011e+00 5.100446944998319188e-01
2.160399902343749901e+00 5.087010995462117879e-01
2.161399902343749790e+00 5.081487827791149048e-01
2.162399902343750124e+00 5.064189160821848112e-01
2.163399902343750014e+00 5.055540208329909468e-01
2.164399902343749904e+00 5.045361109100044983e-01
2.165399902343749794e+00 5.035893753482855173e-01
2.166399902343750128e+00 5.028752640761982029e-01
2.167399902343750018e+00 5.013426244407966914e-01
2.168399902343749908e+00 5.010889661610693491e-01
2.169399902343749797e+00 4.992736885977149264e-01
2.170399902343750131e+00 4.983685288206435859e-01
2.171399902343750021e+00 4.966805649795131283e-01
2.172399902343749911e+00 4.967304171437857963e-01
2.173399902343749801e+00 4.955725763135818140e-01
2.174399902343750135e+00 4.949656480262295544e-01
2.175399902343750025e+00 4.944937726439415648e-01
2.176399902343749915e+00 4.940988767465602227e-01
2.177399902343749805e+00 4.936408547424765980e-01
2.178399902343750139e+00 4.926326791036512720e-01
2.179399902343750028e+00 4.924898190468780523e-01
2.180399902343749918e+00 4.925375925290273460e-01
2.181399902343749808e+00 4.919481528871780251e-01
2.182399902343750142e+00 4.913446665975253480e-01
2.183399902343750032e+00 4.912769171845696170e-01
2.184399902343749922e+00 4.914557512837586239e-01
2.185399902343749812e+00 4.929882333912686265e-01
2.186399902343750146e+00 4.932742135212309087e-01
2.187399902343750036e+00 4.929472032963557737e-01
2.188399902343749925e+00 4.939244944974368612e-01
2.189399902343749815e+00 4.937483367116359267e-01
2.190399902343750149e+00 4.944823108738323203e-01
2.191399902343750039e+00 4.955283471124824479e-01
2.192399902343749929e+00 4.958965994087489726e-01
2.193399902343749819e+00 4.964957547204397748e-01
2.194399902343750153e+00 4.975037394204379626e-01
2.195399902343750043e+00 4.978223235400141555e-01
2.196399902343749932e+00 4.985493529942219282e-01
2.197399902343749822e+00 4.998726801313649326e-01
2.198399902343750156e+00 5.011130484564079168e-01
2.199399902343750046e+00 5.019677280352662363e-01
2.200399902343749936e+00 5.035751544789521805e-01
2.201399902343749826e+00 5.036920547022044614e-01
2.202399902343750160e+00 5.050094548045794829e-01
2.203399902343750050e+00 5.055300149972670187e-01
2.204399902343749940e+00 5.066738702543924777e-01
2.205399902343749829e+00 5.068386898481563874e-01
2.206399902343750163e+00 5.064813052112212555e-01
2.207399902343750053e+00 5.056802110267377692e-01
2.208399902343749943e+00 5.044780239995984017e-01
2.209399902343749833e+00 5.030596786055301362e-01
2.210399902343750167e+00 5.012378282338326718e-01
2.211399902343750057e+00 4.982373638407656680e-01
2.212399902343749947e+00 4.943608719701114707e-01
2.213399902343749837e+00 4.891791589633849302e-01
2.214399902343750171e+00 4.818030282170206458e-01
2.215399902343750060e+00 4.747795520849952267e-01
2.216399902343749950e+00 4.641595869725502754e-01
2.217399902343749840e+00 4.533419672831332514e-01
2.218399902343750174e+00 4.403250236582232358e-01
2.219399902343750064e+00 4.251699807894624428e-01
2.220399902343749954e+00 4.087702124474637544e-01
2.221399902343749844e+00 3.909006717177495038e-01
2.222399902343750178e+00 3.717312901383181822e-01
2.223399902343750068e+00 3.509694271237984720e-01
2.224399902343749957e+00 3.291124732303646327e-01
2.225399902343749847e+00 3.067717648018923882e-01
2.226399902343750181e+00 2.851437624783885183e-01
2.227399902343750071e+00 2.643252340557668001e-01
2.228399902343749961e+00 2.438738129043439840e-01
2.229399902343749851e+00 2.245248200570345021e-01
2.230399902343750185e+00 2.063823197565417544e-01
2.231399902343750075e+00 1.889434419477059868e-01
2.232399902343749964e+00 1.730886716509165146e-01
2.233399902343749854e+00 1.585240573038311229e-01
2.234399902343750188e+00 1.448990453041978099e-01
2.235399902343750078e+00 1.318130978052445557e-01
2.236399902343749968e+00 1.197561658159032316e-01
2.237399902343749858e+00 1.078880547748573421e-01
2.238399902343750192e+00 9.672833328557609023e-02
2.239399902343750082e+00 8.684211555919180148e-02
2.240399902343749972e+00 7.746881732415912547e-02
2.241399902343749861e+00 6.877779264761647859e-02
2.242399902343750195e+00 6.096793673411933512e-02
2.243399902343750085e+00 5.381739810029832760e-02
2.244399902343749975e+00 4.715849625315457483e-02
2.245399902343749865e+00 4.144707076588335926e-02
2.246399902343750199e+00 3.635727049357571905e-02
2.247399902343750089e+00 3.175122909144306033e-02
2.248399902343749979e+00 2.774359482852645567e-02
2.249399902343749869e+00 2.418278105436844766e-02
2.250399902343750203e+00 2.100739125530418083e-02
2.251399902343750092e+00 1.827893554599922810e-02
2.252399902343749982e+00 1.598009826623382132e-02
2.253399902343749872e+00 1.393920059481749268e-02
2.254399902343750206e+00 1.213511554386424024e-02
2.255399902343750096e+00 1.059613500314563264e-02
2.256399902343749986e+00 9.206306386940362602e-03
2.257399902343749876e+00 8.004962718395012763e-03
2.258399902343750210e+00 7.001732274895164018e-03
2.259399902343750099e+00 6.117787737813785293e-03
2.260399902343749989e+00 5.336749256849795779e-03
2.261399902343749879e+00 4.669264341376943434e-03
2.262399902343750213e+00 4.073219679470044784e-03
2.263399902343750103e+00 3.555534931184795022e-03
2.264399902343749993e+00 3.123406268509257809e-03
2.265399902343749883e+00 2.749519587106051457e-03
2.266399902343750217e+00 2.415644622432232703e-03
2.267399902343750107e+00 2.135054300577402323e-03
2.268399902343749996e+00 1.888473936153376061e-03
2.269399902343749886e+00 1.671974155810107771e-03
2.270399902343750220e+00 1.488386696148532879e-03
2.271399902343750110e+00 1.328287296446407180e-03
2.272399902343750000e+00 1.186954973319625465e-03
2.273399902343749890e+00 1.068424668611809040e-03
2.274399902343749780e+00 9.567549492771739925e-04
2.275399902343750114e+00 8.605112335221965902e-04
2.276399902343750004e+00 7.739589717586084147e-04
2.277399902343749893e+00 7.024721759751237880e-04
2.278399902343749783e+00 6.368881801077176446e-04
2.279399902343750117e+00 5.779750210602066333e-04
2.280399902343750007e+00 5.294607355138605809e-04
2.281399902343749897e+00 4.807235172979287883e-04
2.282399902343749787e+00 4.367868009758577312e-04
2.283399902343750121e+00 4.019665234306180968e-04
2.284399902343750011e+00 3.700820530183870829e-04
2.285399902343749901e+00 3.408438176156563474e-04
2.286399902343749790e+00 3.117687564116956769e-04
2.287399902343750124e+00 2.865576976098828388e-04
2.288399902343750014e+00 2.663335892497072413e-04
2.289399902343749904e+00 2.429610602190455503e-04
2.290399902343749794e+00 2.260195455254619809e-04
2.291399902343750128e+00 2.094831859722993278e-04
2.292399902343750018e+00 1.928979035114551936e-04
2.293399902343749908e+00 1.768479656453841799e-04
2.294399902343749797e+00 1.645089546289492724e-04
2.295399902343750131e+00 1.531937234730501942e-04
2.296399902343750021e+00 1.410834402817545945e-04
2.297399902343749911e+00 1.334865418463198629e-04
2.298399902343749801e+00 1.227384623670848347e-04
2.299399902343750135e+00 1.152435323810947559e-04
2.300399902343750025e+00 1.074946151817340699e-04
2.301399902343749915e+00 0.000000000000000000e+00
2.302399902343749805e+00 0.000000000000000000e+00
